%YAML:1.0
pointmatrix: !!opencv-matrix
   rows: 418
   cols: 1
   dt: "2f"
   data: [ 2.88756866e+02, 1.04352226e+02, 2.15341248e+02,
       3.92855072e+02, 1.35781128e+02, 4.67829193e+02, 5.02333221e+01,
       8.77651672e+01, 5.16108665e+01, 9.04205780e+01, 1.35457855e+02,
       4.66352142e+02, 1.41237686e+02, 4.49394440e+02, 3.74580383e+01,
       2.07901581e+02, 1.88457306e+02, 4.89423798e+02, 1.97777538e+01,
       4.49250031e+02, 4.70977592e+01, 4.54133972e+02, 1.88757156e+02,
       4.90061310e+02, 2.14153046e+02, 5.09066437e+02, 1.20655807e+02,
       4.52541229e+02, 1.72658798e+02, 4.78669250e+02, 1.20233589e+02,
       4.52750183e+02, 1.72211914e+02, 4.79590973e+02, 1.42637451e+02,
       4.73007629e+02, 2.66657501e+02, 3.14720306e+02, 2.97540436e+02,
       3.41248260e+02, 1.72348175e+02, 4.82586670e+02, 1.71261566e+02,
       3.55212402e+02, 2.07266052e+02, 5.03460480e+02, 1.92652878e+02,
       4.92162201e+02, 2.06538582e+01, 4.59737000e+02, 3.59212708e+02,
       3.88168274e+02, 1.42065201e+02, 4.38587891e+02, 1.71428909e+02,
       3.55021027e+02, 2.03068253e+02, 4.94424896e+02, 1.37373642e+02,
       4.40032715e+02, 3.13573944e+02, 3.53578918e+02, 3.14969238e+02,
       3.55682556e+02, 1.49422913e+02, 4.60510651e+02, 1.38625244e+02,
       4.39816010e+02, 1.36885101e+02, 4.63238861e+02, 3.30847054e+01,
       4.53568024e+02, 5.51453674e+02, 2.91345032e+02, 5.41738403e+02,
       2.81845337e+02, 5.45185364e+02, 2.84532196e+02, 8.44252090e+01,
       4.26587921e+02, 1.66650848e+02, 4.10893402e+02, 1.69638123e+02,
       4.57301117e+02, 3.10706692e+01, 2.10741013e+02, 9.13061829e+01,
       4.34305573e+02, 1.25063759e+02, 4.42827545e+02, 7.40659180e+01,
       3.83863586e+02, 9.48609009e+01, 4.33721680e+02, 8.18141113e+02,
       3.28053162e+02, 1.57347336e+02, 4.74205688e+02, 2.83886414e+01,
       4.71901855e+02, 1.08115501e+02, 4.43853851e+02, 3.79114929e+02,
       3.41672455e+02, 1.69982895e+02, 4.57168854e+02, 2.13441681e+02,
       4.46088013e+02, 2.20901947e+02, 4.97930267e+02, 8.15965393e+02,
       3.29902283e+02, 5.10528320e+02, 2.96695496e+02, 1.64925217e+02,
       4.10444214e+02, 8.12154907e+02, 3.33453033e+02, 4.36620789e+01,
       2.14194046e+02, 1.06112831e+02, 4.37421631e+02, 5.00067474e+02,
       2.90920135e+02, 9.64888153e+01, 4.33868164e+02, 1.90188583e+02,
       4.93935089e+02, 2.20003952e+02, 4.98147736e+02, 3.33469391e+01,
       2.20636139e+02, 3.73797455e+02, 3.93284576e+02, 3.69298401e+02,
       3.90585876e+02, 4.21134186e+01, 4.42365631e+02, 1.50760422e+02,
       4.07880188e+02, 3.74605804e+02, 3.93620789e+02, 1.46341370e+02,
       4.29973358e+02, 2.97236919e+01, 3.96275146e+02, 8.71810608e+01,
       4.24915680e+02, 3.85995483e+01, 4.46831451e+02, 3.44454102e+02,
       4.01997437e+02, 3.80872345e+01, 4.02342407e+02, 5.24093689e+02,
       3.00896912e+02, 3.73479729e+01, 4.00010162e+02, 3.90832062e+01,
       4.02643707e+02, 4.12964783e+01, 4.42836700e+02, 3.42142944e+02,
       4.04006958e+02, 4.46320000e+01, 4.38352570e+02, 2.84516087e+01,
       4.14008484e+02, 7.09227295e+01, 3.91482758e+02, 1.44928116e+02,
       4.54697632e+02, 2.86706924e+01, 4.13870575e+02, 3.49657776e+02,
       3.96730713e+02, 5.31717285e+02, 3.08966187e+02, 1.56530655e+02,
       7.61852646e+01, 5.27750732e+02, 3.04430054e+02, 3.45569305e+02,
       4.01203247e+02, 3.80123077e+02, 3.43630585e+02, 3.95138428e+02,
       2.99149750e+02, 1.50802322e+02, 4.08477692e+02, 1.45377750e+01,
       8.64587021e+01, 1.94254730e+02, 1.03186417e+02, 3.92983917e+02,
       2.96654480e+02, 2.10515335e+02, 4.09678772e+02, 3.97022430e+02,
       3.02612000e+02, 8.99436722e+01, 4.23964050e+02, 2.11691620e+02,
       4.05427429e+02, 3.91463867e+02, 2.94308014e+02, 9.45355606e+01,
       4.47161285e+02, 2.83982983e+01, 3.92400482e+02, 2.85532627e+01,
       4.41843719e+02, 3.89657822e+01, 2.71559479e+02, 4.32770424e+01,
       2.76394501e+02, 4.13120728e+01, 2.73273346e+02, 3.40095184e+02,
       4.05804413e+02, 1.74913071e+02, 8.16768646e+01, 1.73499847e+02,
       8.05941467e+01, 4.07631500e+02, 3.14930359e+02, 7.76814957e+01,
       4.48281281e+02, 4.33827591e+01, 4.05521851e+02, 1.66639954e+02,
       4.66975616e+02, 2.20461136e+02, 4.54317413e+02, 7.71082382e+01,
       4.48857208e+02, 2.46838058e+02, 7.63502197e+01, 2.18783493e+02,
       4.09472748e+02, 1.24015526e+02, 4.66321259e+02, 5.23836212e+01,
       4.32614532e+02, 4.14379669e+02, 3.23274872e+02, 1.77097672e+02,
       8.61585999e+01, 2.12418106e+02, 4.16423492e+02, 1.26526695e+02,
       4.66723206e+02, 4.74797707e+01, 3.16116058e+02, 4.15815430e+02,
       3.26160492e+02, 5.21658058e+01, 4.07197723e+02, 9.21515274e+01,
       4.51949188e+02, 2.26076111e+02, 3.96105347e+02, 1.63120117e+01,
       2.13567581e+02, 9.05011978e+01, 4.22765350e+02, 1.36685547e+02,
       4.23126587e+02, 2.50571640e+02, 7.54002914e+01, 4.24045441e+02,
       3.46723999e+02, 1.37020889e+02, 4.45283325e+02, 7.55138168e+01,
       4.57207520e+02, 2.56572815e+02, 7.03278961e+01, 1.64690369e+02,
       7.08426132e+01, 2.13766510e+02, 4.62850494e+02, 3.79925873e+02,
       3.28642944e+02, 1.24457344e+02, 4.50166962e+02, 3.80775330e+02,
       3.29443787e+02, 2.17357071e+02, 5.02278809e+02, 2.10794342e+02,
       4.78345001e+02, 1.73090286e+02, 4.49034515e+02, 1.29728041e+01,
       2.90300049e+02, 2.14626511e+02, 4.32565765e+02, 6.97009201e+01,
       3.75722961e+02, 1.72652451e+02, 3.87619690e+02, 2.14633026e+02,
       4.59484131e+02, 6.52786026e+01, 3.96450684e+02, 3.31166351e+02,
       3.76133087e+02, 3.52665215e+01, 2.96539581e+02, 9.24393997e+01,
       4.27690125e+02, 3.32948914e+02, 3.75130920e+02, 2.04006378e+02,
       4.35707581e+02, 2.02595657e+02, 4.35822540e+02, 1.60706970e+02,
       4.47958710e+02, 1.93297821e+02, 4.82601868e+02, 1.39710358e+02,
       6.69036713e+01, 2.20662720e+02, 4.41903931e+02, 3.33394356e+01,
       2.34901733e+02, 9.21894073e+01, 4.56333466e+02, 3.68921776e+01,
       3.03306305e+02, 2.21834869e+02, 4.84715088e+02, 3.66199913e+01,
       3.02880371e+02, 6.73095245e+01, 3.75391479e+02, 3.46454468e+02,
       3.54196503e+02, 1.56054840e+02, 4.29152039e+02, 1.72652023e+02,
       5.07271820e+02, 4.01665802e+01, 2.47186615e+02, 6.41565704e+01,
       3.74735321e+02, 1.63091751e+02, 4.44995758e+02, 1.32943665e+02,
       6.88151627e+01, 6.30522995e+01, 3.74330292e+02, 4.94447975e+01,
       3.19493103e+02, 1.99265335e+02, 5.20306396e+02, 1.43591204e+01,
       3.34418274e+02, 7.39786377e+01, 4.38835175e+02, 6.58609619e+01,
       4.66245514e+02, 1.83014587e+02, 4.27587433e+02, 2.08849773e+01,
       3.96800446e+02, 2.77738617e+02, 3.63696411e+02, 6.79523621e+02,
       3.74882843e+02, 2.10761673e+02, 4.96167267e+02, 1.33722672e+02,
       6.71094284e+01, 2.18225113e+02, 6.98527603e+01, 3.57029175e+02,
       4.40994202e+02, 1.77137894e+02, 4.10341919e+02, 1.73970901e+02,
       4.92275421e+02, 3.36432678e+02, 3.55296753e+02, 1.20179550e+02,
       4.37273071e+02, 3.33176727e+02, 3.55892639e+02, 1.83844727e+02,
       4.72929779e+02, 2.11442551e+02, 4.65928711e+02, 1.77938004e+02,
       3.90396667e+02, 3.38333130e+02, 3.54223877e+02, 3.99582977e+01,
       2.88618561e+02, 9.29036636e+01, 4.59341400e+02, 1.96998272e+01,
       4.82084656e+02, 2.62563049e+02, 7.65189896e+01, 1.74215164e+02,
       4.92792542e+02, 1.97254364e+02, 3.82856842e+02, 2.27248169e+02,
       7.96863785e+01, 6.59646301e+02, 3.53662506e+02, 1.58711655e+02,
       4.61827972e+02, 1.63405289e+02, 4.29615021e+02, 6.82922440e+01,
       4.37610077e+02, 1.59235184e+02, 4.45221771e+02, 1.49158005e+02,
       4.65072418e+02, 2.26610016e+02, 8.03623352e+01, 6.63448914e+02,
       3.64255402e+02, 2.75252167e+02, 3.62538544e+02, 1.91049667e+02,
       4.74783203e+02, 2.02943726e+01, 4.32073303e+02, 1.84661301e+02,
       4.73406036e+02, 6.53701859e+01, 5.22070862e+02, 4.90019035e+01,
       1.43948227e+02, 1.93340958e+02, 3.78499847e+02, 2.09848385e+01,
