%YAML:1.0
pointmatrix: !!opencv-matrix
   rows: 449
   cols: 1
   dt: "2f"
   data: [ 3.08379944e+02, 1.04451012e+02, 2.35196228e+02,
       3.89866394e+02, 7.08185501e+01, 8.66495667e+01, 6.57572098e+01,
       8.19937363e+01, 7.47136002e+01, 8.91944275e+01, 1.56248535e+02,
       4.64103729e+02, 1.61420624e+02, 4.45801880e+02, 5.95091705e+01,
       2.05963562e+02, 2.08308670e+02, 4.85901672e+02, 6.88152084e+01,
       4.50140686e+02, 4.22646294e+01, 4.45491577e+02, 5.74526939e+01,
       2.03647552e+02, 2.08744186e+02, 4.86445221e+02, 2.33905579e+02,
       5.05314972e+02, 4.12690086e+01, 4.44060944e+02, 1.41028427e+02,
       4.49246124e+02, 1.41018417e+02, 4.49048798e+02, 1.92868713e+02,
       4.74948456e+02, 1.92313477e+02, 4.75955078e+02, 1.63026794e+02,
       4.69529175e+02, 1.92404678e+02, 4.78861115e+02, 3.10578033e+02,
       3.31549255e+02, 3.18952271e+02, 3.38600708e+02, 2.26687469e+02,
       4.99973083e+02, 3.77859894e+02, 3.85816040e+02, 1.62690353e+02,
       4.35200256e+02, 1.58181519e+02, 4.36460327e+02, 1.91703415e+02,
       3.52586182e+02, 1.91982132e+02, 3.52435486e+02, 3.32175629e+02,
       3.51151306e+02, 2.22543106e+02, 4.91118408e+02, 3.33613342e+02,
       3.53520264e+02, 1.70046494e+02, 4.56875458e+02, 4.24221802e+01,
       2.24101837e+02, 5.51222191e+01, 4.49549805e+02, 1.67423859e+02,
       4.58471039e+02, 1.41718689e+02, 4.45678406e+02, 5.71624512e+02,
       2.90951324e+02, 4.29113693e+01, 4.55555725e+02, 5.53592712e+02,
       2.72494720e+02, 1.05855843e+02, 4.22895844e+02, 5.61480896e+02,
       2.80086029e+02, 5.62440796e+02, 2.81667664e+02, 1.89752472e+02,
       4.53900024e+02, 1.89809769e+02, 4.54229462e+02, 1.77856232e+02,
       4.70489136e+02, 1.12740051e+02, 4.30864014e+02, 5.64678711e+02,
       2.83408417e+02, 1.44747070e+02, 4.39657806e+02, 5.10372810e+01,
       4.67328430e+02, 1.86768082e+02, 4.07741943e+02, 1.16044037e+02,
       4.30141052e+02, 4.71989517e+01, 2.24096603e+02, 5.33770981e+01,
       2.08571793e+02, 9.56530380e+01, 3.80558105e+02, 2.33099106e+02,
       4.43140747e+02, 8.37770630e+02, 3.29528534e+02, 6.60236511e+01,
       2.12707169e+02, 5.29729004e+02, 2.95171539e+02, 5.23531860e+02,
       2.92958069e+02, 8.39911560e+02, 3.27548187e+02, 3.98101868e+02,
       3.39839294e+02, 8.38419128e+02, 3.29177124e+02, 2.40354233e+02,
       4.94641266e+02, 1.29262024e+02, 4.39922180e+02, 1.85052170e+02,
       4.07084106e+02, 4.95454102e+01, 4.64421204e+02, 6.05301476e+01,
       4.42837433e+02, 5.19458008e+02, 2.89984253e+02, 6.40799637e+01,
       4.38439209e+02, 2.39824677e+02, 4.94603577e+02, 1.26945900e+02,
       4.33918152e+02, 7.82293930e+01, 4.15010529e+02, 3.92407715e+02,
       3.91384369e+02, 1.08633049e+02, 4.21212311e+02, 6.32395439e+01,
       4.39018127e+02, 5.53954506e+01, 2.18607285e+02, 3.93331146e+02,
       3.91648163e+02, 3.62972687e+02, 3.99629242e+02, 1.67124222e+02,
       4.26712982e+02, 6.03457108e+01, 3.98653046e+02, 5.41295898e+02,
       2.99100006e+02, 1.17796005e+02, 4.30138184e+02, 1.70994293e+02,
       4.04734497e+02, 6.66241760e+01, 4.34341522e+02, 5.14972000e+01,
       3.92640961e+02, 6.13240356e+01, 3.98954407e+02, 3.63969635e+02,
       3.98908295e+02, 5.49127258e+02, 3.05919769e+02, 5.97829971e+01,
       3.96259186e+02, 1.77080246e+02, 7.50069580e+01, 2.30309067e+02,
       4.07384521e+02, 3.68387817e+02, 3.94599030e+02, 5.50573181e+02,
       3.07579163e+02, 1.65328445e+02, 4.51170532e+02, 2.14136032e+02,
       9.83515549e+01, 9.24964523e+01, 3.88224579e+02, 5.06194115e+01,
       4.10153595e+02, 5.08906174e+01, 3.88757385e+02, 5.07612076e+01,
       4.10047180e+02, 4.15226044e+02, 3.00356262e+02, 2.39967926e+02,
       4.51073425e+02, 5.02813530e+01, 4.38176056e+02, 4.13565338e+02,
       2.97215240e+02, 6.55065155e+01, 2.73656738e+02, 1.16069099e+02,
       4.42847595e+02, 1.79858139e+02, 4.05283997e+02, 4.11860535e+02,
       2.94613892e+02, 3.70824471e+01, 8.54213486e+01, 3.98844513e+02,
       3.41507080e+02, 8.99946518e+01, 3.89957245e+02, 4.26264923e+02,
       3.13446686e+02, 2.66717957e+02, 7.50639801e+01, 2.18952469e+02,
       5.08939514e+02, 9.89433746e+01, 4.44431305e+02, 4.19047516e+02,
       3.05541931e+02, 9.86668167e+01, 4.44943817e+02, 7.42273788e+01,
       4.28600128e+02, 4.33148529e+02, 3.21668976e+02, 4.33785370e+02,
       3.24619049e+02, 3.59244263e+02, 4.03600677e+02, 1.95464005e+02,
       8.07785110e+01, 7.37778168e+01, 4.04126678e+02, 5.10889015e+01,
       4.13929596e+02, 1.45160446e+02, 4.62561249e+02, 5.05303268e+01,
       3.88748901e+02, 2.32043762e+02, 4.13343719e+02, 3.02359695e+01,
       2.79653290e+02, 3.86860008e+01, 2.11597290e+02, 1.46566238e+02,
       4.62883301e+02, 6.91468201e+01, 3.13040802e+02, 4.34806824e+01,
       5.25623413e+02, 1.11942505e+02, 4.19141510e+02, 4.43790497e+02,
       3.42992859e+02, 1.13243492e+02, 4.48280518e+02, 1.86928131e+02,
       4.63417633e+02, 2.38532761e+02, 4.06548737e+02, 2.82081394e+01,
       2.47382416e+02, 2.34364258e+02, 4.56830841e+02, 3.24741745e+01,
       2.77270233e+02, 3.63373642e+01, 2.10439621e+02, 2.45863129e+02,
       3.93308685e+02, 1.57421951e+02, 4.19903320e+02, 3.37917671e+01,
       2.09686951e+02, 2.33645386e+02, 4.59214966e+02, 3.99557312e+02,
       3.27846222e+02, 2.02144585e+01, 2.42215271e+02, 3.49807159e+02,
       3.74048828e+02, 3.98513184e+02, 3.26624969e+02, 8.66969070e+01,
       3.93094086e+02, 9.13204117e+01, 3.72379150e+02, 3.59988060e+01,
       2.75022339e+02, 2.17153549e+01, 2.44733856e+02, 1.94011383e+02,
       3.83820465e+02, 2.13008728e+02, 4.79329956e+02, 5.73018837e+01,
       2.94307892e+02, 1.45529129e+02, 4.62392365e+02, 8.89309158e+01,
       3.72080109e+02, 5.86634712e+01, 2.99942139e+02, 1.13745552e+02,
       4.24027069e+02, 3.28133583e+01, 2.08819519e+02, 1.80640228e+02,
       4.44846863e+02, 9.65571442e+01, 4.53437317e+02, 2.30480835e+02,
       4.74720245e+02, 2.32651489e+02, 4.94954742e+02, 3.65585403e+01,
       3.31221039e+02, 5.86998329e+01, 3.00778015e+02, 1.85654190e+02,
       6.96766891e+01, 1.76021332e+02, 4.26196228e+02, 2.30313599e+02,
       4.92959869e+02, 2.23622070e+02, 4.32625519e+02, 2.22245758e+02,
       4.32420044e+02, 2.24266785e+02, 4.32377350e+02, 2.41373627e+02,
       4.81363190e+02, 1.59210922e+02, 6.60847855e+01, 7.10330276e+01,
       3.16824066e+02, 2.34310303e+02, 4.29467743e+02, 8.60601730e+01,
       3.71282196e+02, 3.53870277e+01, 2.87414124e+02, 6.18687820e+01,
       2.45470215e+02, 1.92495331e+02, 5.04049500e+02, 1.82556198e+02,
       4.42684021e+02, 1.13094162e+02, 4.52313141e+02, 3.65114441e+02,
       3.51771393e+02, 4.79916801e+01, 3.71157043e+02, 2.18695282e+02,
       5.17015930e+02, 1.93403748e+02, 4.45555389e+02, 2.71329765e+01,
       2.07607132e+02, 5.55530396e+01, 2.32811203e+02, 8.51207047e+01,
       3.70705994e+02, 2.03449356e+02, 4.26143555e+02, 1.54363556e+02,
       6.90681992e+01, 3.76498810e+02, 4.37994415e+02, 9.41605377e+01,
       4.54641968e+02, 8.76565170e+01, 4.62380707e+02, 8.22156448e+01,
       3.98211426e+02, 1.54998108e+02, 6.59637985e+01, 9.28812943e+01,
       4.34592010e+02, 2.31339508e+02, 4.62479919e+02, 5.56806870e+01,
       2.31451202e+02, 1.78972412e+02, 4.41937531e+02, 3.02571526e+01,
       2.99683136e+02, 3.55031952e+02, 3.52364197e+02, 1.17444229e+02,
       7.09689713e+01, 3.36272926e+01, 4.60752502e+02, 2.38235229e+02,
       6.81712494e+01, 5.02321205e+01, 3.65597870e+02, 6.70466766e+01,
       2.38294174e+02, 2.96669342e+02, 3.61303650e+02, 1.45165314e+02,
       4.46275665e+02, 1.93881226e+02, 4.88587799e+02, 9.01987534e+01,
       4.33845673e+02, 1.40923477e+02, 4.33740173e+02, 6.99608459e+02,
       3.74171783e+02, 4.08594910e+02, 3.55735931e+02, 2.02979813e+01,
       3.15234283e+02, 4.30844917e+01, 3.93298218e+02, 4.14851418e+01,
       4.77874207e+02, 1.13437088e+02, 4.55585846e+02, 2.95765717e+02,
       3.61632599e+02, 1.83448029e+02, 4.25907867e+02, 3.43216438e+01,
