%YAML:1.0
pointmatrix: !!opencv-matrix
   rows: 434
   cols: 1
   dt: "2f"
   data: [ 3.11993469e+02, 1.03611885e+02, 2.38499741e+02,
       3.89749115e+02, 7.83845978e+01, 8.90709763e+01, 1.59658676e+02,
       4.63800598e+02, 1.59249969e+02, 4.62410065e+02, 8.61248856e+01,
       9.73743210e+01, 1.64426971e+02, 4.45396637e+02, 6.30787697e+01,
       2.05902557e+02, 4.57860870e+01, 4.45030670e+02, 2.11589478e+02,
       4.85437531e+02, 6.11792412e+01, 2.03643616e+02, 7.21839905e+01,
       4.49697296e+02, 2.37013947e+02, 5.05161407e+02, 2.39394257e+02,
       4.86436371e+02, 4.48982544e+01, 4.43768524e+02, 1.44704422e+02,
       4.48610138e+02, 2.12094299e+02, 4.86024841e+02, 1.44494766e+02,
       4.48750824e+02, 1.96184067e+02, 4.74516113e+02, 1.95598221e+02,
       4.75571777e+02, 3.12719818e+02, 3.31432922e+02, 3.23017670e+02,
       3.38494232e+02, 3.80992859e+02, 3.85663208e+02, 1.66433395e+02,
       4.69083252e+02, 2.15872986e+02, 4.88281372e+02, 1.95158676e+02,
       3.52297485e+02, 1.94990204e+02, 3.52445465e+02, 2.28382172e+02,
       4.99498535e+02, 1.65956802e+02, 4.34841888e+02, 1.61283051e+02,
       4.36205994e+02, 4.66941414e+01, 4.54937042e+02, 1.62302536e+02,
       4.36104736e+02, 3.35576599e+02, 3.51313904e+02, 5.87097092e+01,
       4.48515991e+02, 3.36516052e+02, 3.53077240e+02, 4.61319427e+01,
       2.23473297e+02, 1.72867050e+02, 4.56710449e+02, 5.75834045e+02,
       2.91393921e+02, 2.25753555e+02, 4.90872742e+02, 5.63674622e+02,
       2.79720459e+02, 5.56905884e+02, 2.72402222e+02, 1.92971954e+02,
       4.53605927e+02, 1.81102402e+02, 4.70058075e+02, 1.16064697e+02,
       4.30470612e+02, 1.09362762e+02, 4.22523102e+02, 1.49233566e+02,
       4.38986877e+02, 5.46270790e+01, 4.66811340e+02, 5.67142334e+02,
       2.83424866e+02, 4.39971771e+01, 2.24967834e+02, 9.90798950e+01,
       3.80049316e+02, 1.92896423e+02, 4.54109192e+02, 1.89932663e+02,
       4.07333069e+02, 5.70516930e+01, 2.08388947e+02, 5.40747528e+01,
       4.66679199e+02, 1.19453606e+02, 4.29708374e+02, 5.26784119e+02,
       2.92983337e+02, 5.33184021e+02, 2.95130951e+02, 8.41715698e+02,
       3.29721497e+02, 1.88228256e+02, 4.06784180e+02, 8.42464355e+02,
       3.29148376e+02, 5.23187866e+02, 2.90068237e+02, 5.30333862e+01,
       4.64189880e+02, 8.43532532e+02, 3.27719513e+02, 8.37892944e+02,
       3.33445709e+02, 2.43508224e+02, 4.94200287e+02, 6.95998001e+01,
       2.12583084e+02, 1.11778496e+02, 4.20914795e+02, 2.42690933e+02,
       4.94392853e+02, 4.01368927e+02, 3.39725494e+02, 6.42916870e+01,
       4.42252136e+02, 6.74114685e+01, 4.38124207e+02, 3.95785034e+02,
       3.91026276e+02, 8.12495041e+01, 4.14594238e+02, 1.32448669e+02,
       4.39763733e+02, 6.65878906e+01, 4.38622681e+02, 5.51511650e+01,
       3.92193695e+02, 2.36220245e+02, 4.42645264e+02, 6.49999466e+01,
       3.98481812e+02, 3.96568237e+02, 3.91427002e+02, 5.90817909e+01,
       2.18343552e+02, 6.40956955e+01, 3.98058868e+02, 3.66029236e+02,
       3.99489197e+02, 5.53834900e+02, 3.07599487e+02, 1.74327942e+02,
       4.04186523e+02, 7.01718445e+01, 4.33887238e+02, 1.71051346e+02,
       4.26251831e+02, 3.67007782e+02, 3.98805176e+02, 1.20660789e+02,
       4.29525818e+02, 3.64046906e+02, 4.01679016e+02, 9.58258133e+01,
       3.87745544e+02, 3.71711823e+02, 3.94457184e+02, 5.41718941e+01,
       4.09619629e+02, 4.33130646e+01, 2.30155762e+02, 4.19453918e+02,
       3.00934143e+02, 5.42032509e+01, 4.09616150e+02, 2.69814117e+02,
       7.48578033e+01, 2.34419128e+02, 4.02335144e+02, 5.09989960e+02,
       2.79109985e+02, 4.17239075e+02, 2.97312836e+02, 1.18831184e+02,
       4.42907715e+02, 1.80646103e+02, 7.49879684e+01, 5.44699631e+01,
       3.88204712e+02, 1.68345856e+02, 4.50932922e+02, 2.18259277e+02,
       9.94902267e+01, 1.14370811e+02, 4.20020386e+02, 6.94118729e+01,
       2.73535950e+02, 2.33601273e+02, 4.07116913e+02, 7.80815887e+01,
       4.25632721e+02, 5.38969574e+01, 4.37693024e+02, 4.02039368e+02,
       3.41344757e+02, 4.07939758e+01, 8.53275528e+01, 4.29370544e+02,
       3.13188538e+02, 4.20767548e+02, 3.03317169e+02, 4.13786591e+02,
       2.92519958e+02, 4.22939087e+02, 3.05880341e+02, 7.78697815e+01,
       4.27969452e+02, 1.74216980e+02, 4.04797150e+02, 6.90018387e+01,
       4.01552765e+02, 1.02304008e+02, 4.44101135e+02, 2.21717560e+02,
       5.08850281e+02, 1.99091492e+02, 7.96090012e+01, 4.36563934e+02,
       3.21317200e+02, 1.90119720e+02, 4.63186676e+02, 3.62099579e+02,
       4.03552673e+02, 4.70072594e+01, 5.25170044e+02, 1.02179474e+02,
       4.44598663e+02, 7.71199570e+01, 4.03535522e+02, 2.43088089e+02,
       4.50750885e+02, 4.37141876e+02, 3.24620544e+02, 7.24197769e+01,
       3.12722351e+02, 2.35208420e+02, 4.13356262e+02, 4.45520844e+02,
       3.42366821e+02, 1.16465378e+02, 4.47835571e+02, 4.22502861e+01,
       2.11146225e+02, 3.35363045e+01, 2.79461945e+02, 4.00668564e+01,
       2.09819534e+02, 9.14579010e+01, 3.91585022e+02, 3.20402069e+01,
       2.47303757e+02, 2.49146408e+02, 3.92997803e+02, 3.61993713e+01,
       8.91908112e+01, 1.00016685e+02, 4.53032288e+02, 9.45218887e+01,
       3.72049377e+02, 2.41451324e+02, 4.06066467e+02, 3.75586853e+01,
       2.09588898e+02, 4.02684265e+02, 3.27752838e+02, 9.02069626e+01,
       3.92620361e+02, 3.60544510e+01, 2.77392578e+02, 1.60290298e+02,
       4.19636261e+02, 1.48533615e+02, 4.61956055e+02, 4.01809174e+02,
       3.26600159e+02, 2.40463333e+01, 2.42115463e+02, 2.39704620e+02,
       4.98452118e+02, 2.37546661e+02, 4.56277344e+02, 1.96224838e+02,
       3.84581329e+02, 2.36626266e+02, 4.58975372e+02, 1.88924103e+02,
       6.96709900e+01, 3.52904907e+02, 3.74280823e+02, 3.65505943e+01,
       2.08329712e+02, 2.15808365e+02, 4.79108063e+02, 6.07638664e+01,
       2.94124359e+02, 6.20034561e+01, 2.99882538e+02, 3.05975513e+01,
       2.92668610e+02, 2.60543175e+01, 2.44175507e+02, 6.19337120e+01,
       3.00624939e+02, 4.02999802e+01, 3.30856781e+02, 1.83654144e+02,
       4.44603912e+02, 3.54694000e+02, 3.73119232e+02, 8.95339661e+01,
       3.70895477e+02, 2.33770798e+02, 4.74187561e+02, 2.27589813e+02,
       4.32019775e+02, 1.79344223e+02, 4.25776215e+02, 1.63383347e+02,
       6.58040771e+01, 2.26632248e+02, 4.32387878e+02, 1.16647346e+02,
       4.52180237e+02, 6.54134216e+01, 2.46172150e+02, 8.85963745e+01,
       3.70339050e+02, 3.67264618e+02, 3.50465668e+02, 2.44390594e+02,
       4.81048157e+02, 2.37208420e+02, 4.29097565e+02, 1.17186203e+02,
       4.23608612e+02, 5.99516373e+01, 3.01074860e+02, 2.25338181e+02,
       4.32155426e+02, 2.06730713e+02, 4.25271301e+02, 5.90329552e+01,
       2.32733948e+02, 2.33990753e+02, 4.92356079e+02, 5.14618835e+01,
       3.71011108e+02, 2.21780487e+02, 5.16492676e+02, 3.90994225e+01,
       2.87201233e+02, 1.82127350e+02, 4.41711151e+02, 1.68064621e+02,
       6.80765533e+01, 9.87160339e+01, 4.34406158e+02, 9.17050171e+01,
       4.62050690e+02, 2.40903305e+02, 6.81221924e+01, 1.96524353e+02,
       4.45200470e+02, 3.11683292e+01, 2.07472656e+02, 2.52032455e+02,
       3.94675049e+02, 3.79019806e+02, 4.38395935e+02, 7.06843491e+01,
       2.38049133e+02, 8.51545563e+01, 3.97855286e+02, 1.57498993e+02,
       6.76599808e+01, 7.58786163e+01, 3.17521179e+02, 2.99995331e+02,
       3.61120392e+02, 1.58452301e+02, 6.58726578e+01, 3.70932884e+01,
       4.60234955e+02, 3.58249969e+02, 3.52755096e+02, 3.55076904e+02,
       3.53511688e+02, 1.21855125e+02, 7.05279388e+01, 9.35406342e+01,
       4.33060364e+02, 4.51947517e+01, 4.77409485e+02, 3.38416023e+01,
       2.99381165e+02, 4.64995461e+01, 3.92734009e+02, 2.33816284e+02,
       4.62269012e+02, 2.40473042e+01, 3.14832123e+02, 1.97109879e+02,
       4.88139465e+02, 1.17023056e+02, 4.55223877e+02, 9.32594833e+01,
       4.29773468e+02, 7.03002136e+02, 3.74481567e+02, 1.48507294e+02,
       4.45975830e+02, 5.44996033e+01, 3.63912537e+02, 2.51448669e+02,
       7.77002106e+01, 1.53020477e+01, 2.58322998e+02, 2.01065262e+02,
