%YAML:1.0
pointmatrix: !!opencv-matrix
   rows: 432
   cols: 1
   dt: "2f"
   data: [ 1.74608250e+01, 2.88241760e+02, 3.13892914e+02,
       1.03799522e+02, 2.41727249e+02, 3.89555359e+02, 8.23601685e+01,
       8.92003708e+01, 1.68250916e+02, 4.45012848e+02, 6.67961044e+01,
       2.05723755e+02, 7.62082062e+01, 4.49105347e+02, 4.95050659e+01,
       4.44442719e+02, 2.15029449e+02, 4.84990723e+02, 6.50515900e+01,
       2.03219971e+02, 1.48355881e+02, 4.48241302e+02, 4.86344109e+01,
       4.43115570e+02, 2.40416534e+02, 5.04694702e+02, 1.48194061e+02,
       4.48347107e+02, 2.15292892e+02, 4.85909363e+02, 1.99024033e+02,
       4.75058044e+02, 1.99313370e+02, 4.74342590e+02, 3.27115662e+02,
       3.38416321e+02, 2.90493347e+02, 3.09279907e+02, 3.17126984e+02,
       3.31543823e+02, 1.99027878e+02, 4.77944031e+02, 1.69875824e+02,
       4.69110596e+02, 1.98704636e+02, 3.51881256e+02, 3.84212677e+02,
       3.85474823e+02, 1.98513748e+02, 3.51926208e+02, 2.32750076e+02,
       4.99196686e+02, 1.64762115e+02, 4.35808594e+02, 1.69503433e+02,
       4.34376190e+02, 6.25389824e+01, 4.48011230e+02, 1.76277603e+02,
       4.56405487e+02, 3.38378571e+02, 3.51053986e+02, 5.00256348e+01,
       4.54581665e+02, 3.39558197e+02, 3.52856140e+02, 1.13045822e+02,
       4.22014282e+02, 4.99687691e+01, 2.23439743e+02, 5.78702881e+02,
       2.91235413e+02, 5.67420837e+02, 2.79860779e+02, 2.29233963e+02,
       4.90282990e+02, 1.96444366e+02, 4.53123810e+02, 1.53389557e+02,
       4.38657379e+02, 1.96524963e+02, 4.52982330e+02, 1.19874680e+02,
       4.29939392e+02, 1.84399490e+02, 4.69796570e+02, 5.81389389e+01,
       4.66401886e+02, 4.76721306e+01, 2.24867157e+02, 1.02794075e+02,
       3.79773499e+02, 5.84869934e+02, 2.96884613e+02, 5.79543533e+01,
       4.65520294e+02, 1.93425171e+02, 4.07072662e+02, 6.07971802e+01,
       2.08235107e+02, 1.23012924e+02, 4.29189423e+02, 5.30217224e+02,
       2.93112854e+02, 5.36372375e+02, 2.95062622e+02, 8.45553467e+02,
       3.29640869e+02, 5.70455513e+01, 4.63434326e+02, 8.45817322e+02,
       3.29315735e+02, 7.32424316e+01, 2.11813492e+02, 6.79210129e+01,
       4.41805847e+02, 2.39719727e+02, 4.42222839e+02, 5.25894287e+02,
       2.89510193e+02, 2.46804871e+02, 4.93780029e+02, 1.91733017e+02,
       4.06540680e+02, 4.04514008e+02, 3.39600708e+02, 8.39425278e+01,
       4.14247131e+02, 7.11370316e+01, 4.37712982e+02, 1.33814194e+02,
       4.33151459e+02, 7.07994156e+01, 4.37907532e+02, 3.98858490e+02,
       3.90875793e+02, 6.88886642e+01, 3.98075867e+02, 1.36396606e+02,
       4.38657318e+02, 6.28356514e+01, 2.18113174e+02, 2.47620712e+02,
       4.91909760e+02, 6.81657410e+01, 3.97474274e+02, 1.24377090e+02,
       4.29070587e+02, 6.72978287e+01, 3.95327576e+02, 5.46938965e+02,
       2.98698486e+02, 3.99716461e+02, 3.91241119e+02, 3.69089691e+02,
       3.99300171e+02, 1.77781906e+02, 4.04021271e+02, 7.39760361e+01,
       4.33267090e+02, 1.73439789e+02, 4.25867493e+02, 5.56923584e+02,
       3.07559631e+02, 3.69987640e+02, 3.98586914e+02, 2.45668442e+02,
       4.94041534e+02, 5.55643188e+02, 3.05977112e+02, 5.88797035e+01,
       3.91958923e+02, 3.74499115e+02, 3.93986420e+02, 2.21527908e+02,
       9.86646957e+01, 4.20338837e+02, 2.97150848e+02, 4.19897827e+02,
       2.96755066e+02, 3.67230774e+02, 4.01392517e+02, 2.16690155e+02,
       4.89525360e+02, 1.84303070e+02, 7.49949341e+01, 4.72119522e+01,
       2.30091736e+02, 1.22544014e+02, 4.42354736e+02, 2.36887085e+02,
       4.07925964e+02, 5.84384155e+01, 3.87643463e+02, 5.78158760e+01,
       4.09361053e+02, 8.19048843e+01, 4.25186249e+02, 9.94887466e+01,
       3.87463440e+02, 1.72262619e+02, 4.50287994e+02, 5.79531937e+01,
       4.09051697e+02, 8.14943466e+01, 4.27471954e+02, 1.77591812e+02,
       4.04479370e+02, 4.32806000e+02, 3.13231689e+02, 5.76986237e+01,
       4.36981018e+02, 4.17185364e+02, 2.92492157e+02, 4.26404510e+02,
       3.05986298e+02, 2.73630676e+02, 7.50912933e+01, 1.52685440e+02,
       4.61818817e+02, 2.02828156e+02, 7.96277695e+01, 1.06068436e+02,
       4.43643158e+02, 2.02729263e+02, 7.97569199e+01, 9.71871490e+01,
       3.89120361e+02, 4.46832047e+01, 8.55055008e+01, 1.93363632e+02,
       4.62843445e+02, 2.24890610e+02, 5.08644379e+02, 4.48080368e+01,
       8.71232605e+01, 2.05196228e+02, 8.45264587e+01, 4.40811066e+02,
       3.24349243e+02, 7.61552963e+01, 3.12522339e+02, 2.46475357e+02,
       4.50385986e+02, 4.41476318e+02, 3.23052979e+02, 8.08466263e+01,
       4.03064514e+02, 2.38648148e+02, 4.12957977e+02, 3.75578232e+01,
       2.79071472e+02, 2.44844879e+02, 4.05800629e+02, 4.59151497e+01,
       2.11061249e+02, 1.05886978e+02, 4.44082977e+02, 1.64254715e+02,
       4.19059326e+02, 5.81644974e+01, 3.87442413e+02, 4.49349792e+02,
       3.42160706e+02, 3.60886612e+01, 2.80649353e+02, 2.52372147e+02,
       3.92757904e+02, 4.35702019e+01, 2.09731964e+02, 3.99776611e+01,
       8.92636871e+01, 1.03792900e+02, 4.52394684e+02, 2.40793457e+02,
       4.56033142e+02, 3.57649345e+01, 2.47274490e+02, 3.96664925e+01,
       2.76940216e+02, 4.05849792e+02, 3.27630371e+02, 2.39965408e+02,
       4.58785187e+02, 9.37236328e+01, 3.92302094e+02, 2.43366119e+02,
       4.98120331e+02, 4.04955811e+02, 3.26427948e+02, 5.06509628e+01,
       5.24610901e+02, 2.01630188e+02, 3.82885712e+02, 3.57643768e+02,
       3.72221222e+02, 4.04003487e+01, 2.08103516e+02, 3.55919678e+02,
       3.73613861e+02, 1.87451385e+02, 4.44078033e+02, 9.61574326e+01,
       3.71229248e+02, 3.44512444e+01, 2.92416931e+02, 9.81679688e+01,
       3.71688202e+02, 6.27451477e+01, 2.33475449e+02, 2.19067703e+02,
       4.78781769e+02, 6.45689087e+01, 2.93652832e+02, 2.36857391e+02,
       4.74057678e+02, 1.65855652e+02, 6.60239258e+01, 6.57793427e+01,
       3.00176605e+02, 1.52167267e+02, 4.62171417e+02, 2.37060135e+02,
       4.92085632e+02, 6.56564484e+01, 2.99760742e+02, 1.20967834e+02,
       4.23072174e+02, 1.92564850e+02, 6.97167206e+01, 2.30048828e+02,
       4.32191589e+02, 1.20468765e+02, 4.51843170e+02, 2.28703293e+02,
       4.32031616e+02, 2.80553169e+01, 2.41585007e+02, 1.83182846e+02,
       4.25472504e+02, 3.70878052e+02, 3.50615662e+02, 4.40527534e+01,
       3.30459137e+02, 9.33996429e+01, 3.70398834e+02, 6.93409195e+01,
       2.45788818e+02, 1.26877068e+02, 4.28309052e+02, 1.89503586e+02,
       4.41594482e+02, 2.00017197e+02, 4.44655579e+02, 2.10345062e+02,
       4.24493225e+02, 5.53390465e+01, 3.70305634e+02, 4.29802513e+01,
       2.87024841e+02, 2.40708069e+02, 4.28722443e+02, 3.02976898e+02,
       3.60984802e+02, 3.48138084e+01, 2.06931229e+02, 2.25260101e+02,
       5.16247864e+02, 1.61631760e+02, 6.91323853e+01, 2.47698654e+02,
       4.80597076e+02, 9.48824081e+01, 4.61379852e+02, 1.02538315e+02,
       4.34006256e+02, 9.22290268e+01, 3.70028229e+02, 8.89040146e+01,
       3.97738922e+02, 3.82854431e+02, 4.38117615e+02, 1.71549103e+02,
       6.80382004e+01, 3.61018524e+02, 3.52365753e+02, 1.00158569e+02,
       4.33315704e+02, 3.75485306e+01, 2.99030670e+02, 1.62256866e+02,
       6.59781418e+01, 2.44690155e+02, 6.81318054e+01, 2.37584122e+02,
       4.61729736e+02, 4.08509254e+01, 4.59521698e+02, 7.44886703e+01,
       2.37949081e+02, 5.74695549e+01, 3.64803894e+02, 1.00345024e+02,
       4.31957611e+02, 1.20895187e+02, 4.54686859e+02, 1.47852310e+02,
       4.33015350e+02, 2.00532486e+02, 4.87758118e+02, 2.04631927e+02,
       3.86791901e+02, 2.43443222e+02, 4.87998840e+02, 2.54630112e+02,
       7.77107544e+01, 1.92246952e+01, 2.58101074e+02, 4.86228828e+01,
       4.76680176e+02, 5.84532166e+01, 3.63368073e+02, 5.04915466e+01,
       3.92262848e+02, 1.25010849e+02, 6.93413773e+01, 2.80693169e+01,
       3.14712830e+02, 2.00639175e+02, 4.88373962e+02, 9.59697418e+01,
       4.28912689e+02, 7.06382202e+02, 3.74405487e+02, 1.50820862e+02,
       5.20105896e+02, 3.55738678e+02, 3.55647400e+02, 2.53935211e+02,
       7.83540192e+01, 2.03855576e+02, 4.06813446e+02, 3.05457794e+02,
