%YAML:1.0
pointmatrix: !!opencv-matrix
   rows: 450
   cols: 1
   dt: "2f"
   data: [ 2.14905739e+01, 2.87988617e+02, 2.16832333e+01,
       2.87797485e+02, 3.19480743e+02, 1.03655518e+02, 2.45151794e+02,
       3.89336639e+02, 8.11174088e+01, 8.57336502e+01, 7.76263351e+01,
       8.27170105e+01, 1.66653763e+02, 4.62771545e+02, 8.56762085e+01,
       8.89710388e+01, 7.68677292e+01, 8.19418564e+01, 1.66380157e+02,
       4.61454498e+02, 1.72000259e+02, 4.44471069e+02, 7.05370102e+01,
       2.05687149e+02, 5.32192192e+01, 4.43949249e+02, 2.18477386e+02,
       4.84636627e+02, 6.88467560e+01, 2.03452255e+02, 7.96198959e+01,
       4.48726166e+02, 5.25137444e+01, 4.42534882e+02, 2.43820724e+02,
       5.04268951e+02, 2.18897934e+02, 4.85132507e+02, 1.51482224e+02,
       4.47751038e+02, 2.02902817e+02, 4.73788818e+02, 1.51698196e+02,
       4.47694733e+02, 2.02511856e+02, 4.74580627e+02, 3.19144989e+02,
       3.31023529e+02, 3.28642395e+02, 3.38236969e+02, 5.80197067e+01,
       2.60429779e+02, 2.02005661e+02, 3.51799469e+02, 2.02626175e+02,
       4.77582214e+02, 2.02246658e+02, 3.51682678e+02, 3.87426025e+02,
       3.85337616e+02, 1.72986160e+02, 4.34038757e+02, 2.22373688e+02,
       4.87635406e+02, 5.41194801e+01, 4.53952850e+02, 2.36415237e+02,
       4.98855560e+02, 1.69310516e+02, 4.35320953e+02, 1.68528229e+02,
       4.35270081e+02, 6.64188309e+01, 4.47796600e+02, 1.79848816e+02,
       4.56050598e+02, 3.42773438e+02, 3.52691589e+02, 2.32527451e+02,
       4.90049530e+02, 5.36732330e+01, 2.23462204e+02, 5.81506104e+02,
       2.91186920e+02, 1.16419846e+02, 4.21707031e+02, 5.71625916e+02,
       2.80418640e+02, 5.74252197e+02, 2.83768372e+02, 2.00115509e+02,
       4.52623962e+02, 1.99933212e+02, 4.52834259e+02, 1.88032486e+02,
       4.69187195e+02, 1.23487411e+02, 4.29628357e+02, 1.06423874e+02,
       3.79470093e+02, 5.80696678e+01, 2.23972321e+02, 6.15385094e+01,
       4.66123352e+02, 5.13988609e+01, 2.24717804e+02, 1.96826111e+02,
       4.06883942e+02, 6.46022797e+01, 2.08213730e+02, 6.14165993e+01,
       4.65596924e+02, 2.43136185e+02, 4.42316254e+02, 8.51606506e+02,
       3.27917633e+02, 1.26648094e+02, 4.28863586e+02, 6.04715080e+01,
       4.63169647e+02, 8.49722473e+02, 3.29862915e+02, 5.33801636e+02,
       2.93140839e+02, 5.39120850e+02, 2.94767975e+02, 8.45822998e+02,
       3.33517517e+02, 2.50317780e+02, 4.93416992e+02, 5.29998230e+02,
       2.90070953e+02, 4.07760529e+02, 3.39601288e+02, 1.95062363e+02,
       4.06285858e+02, 1.18986679e+02, 4.20014069e+02, 4.02136536e+02,
       3.90726868e+02, 2.20105438e+02, 4.89063538e+02, 7.70019989e+01,
       2.11737808e+02, 7.16799698e+01, 4.41361542e+02, 1.39935730e+02,
       4.38543579e+02, 8.72824097e+01, 4.13402069e+02, 7.35358810e+01,
       4.38020081e+02, 7.50905380e+01, 4.37116730e+02, 7.14008865e+01,
       3.97234528e+02, 7.07918396e+01, 3.95035919e+02, 1.37380768e+02,
       4.32553589e+02, 4.02924866e+02, 3.91134583e+02, 1.28258041e+02,
       4.28820190e+02, 6.66619873e+01, 2.17995010e+02, 3.72461670e+02,
       3.99128693e+02, 7.24741440e+01, 3.97550842e+02, 2.50376007e+02,
       4.93091888e+02, 6.26081161e+01, 3.91277283e+02, 1.81295990e+02,
       4.03636963e+02, 5.60196045e+02, 3.07474121e+02, 1.77297760e+02,
       4.25485779e+02, 7.76326752e+01, 4.32774872e+02, 3.73449554e+02,
       3.98393463e+02, 3.77775146e+02, 3.93904083e+02, 1.03108070e+02,
       3.87003906e+02, 2.40434036e+02, 4.07170135e+02, 7.67076340e+01,
       2.73197296e+02, 7.73481369e+01, 2.74300934e+02, 3.70115814e+02,
       4.01498199e+02, 1.87718216e+02, 7.50079498e+01, 2.49922379e+02,
       4.49990814e+02, 1.75653198e+02, 4.50009613e+02, 6.19828644e+01,
       3.87466095e+02, 4.25316742e+02, 3.00353302e+02, 1.21846031e+02,
       4.19235962e+02, 4.23550201e+02, 2.97024811e+02, 2.23637329e+02,
       9.74218063e+01, 6.16260681e+01, 4.36706696e+02, 1.26348381e+02,
       4.41773010e+02, 2.76527954e+02, 7.50233307e+01, 2.05062851e+02,
       7.89794769e+01, 8.56938705e+01, 4.24693817e+02, 6.19488449e+01,
       4.08392487e+02, 4.36345337e+02, 3.13104858e+02, 7.66565399e+01,
       4.00620972e+02, 4.20439728e+02, 2.92464752e+02, 8.51309891e+01,
       4.26802917e+02, 6.17401810e+01, 4.08099609e+02, 2.06126709e+02,
       7.97100449e+01, 4.29646851e+02, 3.06027924e+02, 4.85123444e+01,
       8.55419617e+01, 1.81420013e+02, 4.04227081e+02, 1.00913658e+02,
       3.88652405e+02, 8.00163651e+01, 3.12325745e+02, 2.28766388e+02,
       5.07587738e+02, 4.86678963e+01, 8.69589005e+01, 1.09685425e+02,
       4.43099335e+02, 4.42982513e+02, 3.24361694e+02, 2.08801300e+02,
       8.46472244e+01, 4.43655426e+02, 3.21977386e+02, 2.41986435e+02,
       4.12478821e+02, 8.45500107e+01, 4.02700195e+02, 4.16933937e+01,
       2.78853271e+02, 1.96880844e+02, 4.62398499e+02, 4.99385452e+01,
       2.10833466e+02, 1.55341415e+02, 4.61288788e+02, 4.52738556e+02,
       3.42760193e+02, 1.67452545e+02, 4.18877838e+02, 4.27613564e+01,
       2.77377747e+02, 5.44349670e+01, 5.23920166e+02, 4.35659027e+01,
       2.76655121e+02, 4.75939407e+01, 2.09599686e+02, 2.55877258e+02,
       3.92385803e+02, 1.09234909e+02, 4.43335144e+02, 4.00417023e+01,
       2.47258743e+02, 1.22636597e+02, 4.18125031e+02, 1.23503967e+02,
       4.46926910e+02, 4.39033356e+01, 8.90745926e+01, 2.44223343e+02,
       4.55623138e+02, 1.07536278e+02, 4.51896515e+02, 4.09170074e+02,
       3.27537262e+02, 2.48247757e+02, 4.05374359e+02, 4.08197662e+02,
       3.26333923e+02, 2.43550995e+02, 4.58257599e+02, 1.02000374e+02,
       3.71304291e+02, 9.72444611e+01, 3.92130463e+02, 1.24971527e+02,
       4.22489441e+02, 2.03630798e+02, 3.83559113e+02, 3.60797852e+02,
       3.71986328e+02, 3.59068237e+02, 3.73295502e+02, 2.42446793e+02,
       4.93833862e+02, 1.90946686e+02, 4.43663757e+02, 4.41870537e+01,
       2.07991959e+02, 2.40459961e+02, 4.73950165e+02, 2.44234894e+02,
       4.27996796e+02, 1.95884552e+02, 6.97131195e+01, 2.22848083e+02,
       4.78283295e+02, 3.36921310e+01, 2.44055161e+02, 6.87832031e+01,
       2.92924713e+02, 6.96804657e+01, 2.99986206e+02, 1.92714645e+02,
       4.41608307e+02, 1.86716003e+02, 4.24991577e+02, 1.55872116e+02,
       4.61270477e+02, 3.18507137e+01, 2.41428528e+02, 3.48087807e+01,
       2.43535370e+02, 3.82670555e+01, 2.91984039e+02, 9.94853210e+01,
       3.71056091e+02, 8.21402206e+01, 3.15763367e+02, 1.70459839e+02,
       6.59515381e+01, 2.32266251e+02, 4.31801453e+02, 2.33583221e+02,
       4.31819244e+02, 4.79652100e+01, 3.30144867e+02, 5.70538216e+01,
       3.72715942e+02, 6.96455002e+01, 2.99679108e+02, 2.51223495e+02,
       4.80462311e+02, 6.67751923e+01, 2.32024261e+02, 3.61160469e+01,
       2.98867523e+02, 2.34189651e+02, 4.31291534e+02, 3.74532959e+02,
       3.51132233e+02, 9.65398102e+01, 3.70240753e+02, 2.02475250e+02,
       5.02690063e+02, 6.77184525e+01, 3.00310211e+02, 1.24081131e+02,
       4.51753082e+02, 2.03559967e+02, 4.44428284e+02, 7.33640823e+01,
       2.46015915e+02, 2.13722931e+02, 4.23690552e+02, 2.50013214e+02,
       4.38441589e+02, 3.86081047e+01, 2.06702042e+02, 4.68439102e+01,
       2.86766388e+02, 3.85575195e+02, 4.37770844e+02, 9.34096909e+01,
       3.96937286e+02, 2.58641571e+02, 3.94255188e+02, 2.28260254e+02,
       5.15819885e+02, 9.86785049e+01, 4.61037933e+02, 2.47905823e+02,
       6.81800308e+01, 1.64778412e+02, 6.77121582e+01, 1.06106934e+02,
       4.33728607e+02, 4.48361893e+01, 4.59100708e+02, 4.15014038e+01,
       2.98723877e+02, 6.10511360e+01, 3.64448944e+02, 7.83280029e+01,
       2.37832718e+02, 1.05266594e+02, 4.53030304e+02, 5.39040985e+01,
       3.91290802e+02, 1.66115768e+02, 6.59476471e+01, 2.40264481e+02,
       4.91876343e+02, 3.06154327e+02, 3.60842102e+02, 5.79156723e+01,
       4.02231506e+02, 3.64682251e+02, 3.52276001e+02, 9.54215317e+01,
       3.69757690e+02, 1.55622330e+02, 4.45020447e+02, 2.47143707e+02,
       4.87580048e+02, 2.41149261e+02, 4.61941437e+02, 1.89561981e+02,
