%YAML:1.0
pointmatrix: !!opencv-matrix
   rows: 469
   cols: 1
   dt: "2f"
   data: [ 2.53482857e+01, 2.87583527e+02, 2.55456161e+01,
       2.87521362e+02, 3.20906250e+02, 1.03502174e+02, 2.48609177e+02,
       3.89032532e+02, 8.15602417e+01, 8.27463837e+01, 8.55330658e+01,
       8.61146851e+01, 8.08714294e+01, 8.20901413e+01, 7.95179672e+01,
       8.05735397e+01, 8.96579666e+01, 8.92461777e+01, 1.70213776e+02,
       4.62659454e+02, 9.74500504e+01, 9.68704529e+01, 1.69915558e+02,
       4.61537354e+02, 1.75371521e+02, 4.44065582e+02, 7.43644257e+01,
       2.05584793e+02, 5.70763664e+01, 4.43423798e+02, 8.37159882e+01,
       4.48245422e+02, 7.27404099e+01, 2.03351486e+02, 2.21842651e+02,
       4.84300140e+02, 5.62954407e+01, 4.42175537e+02, 2.47160583e+02,
       5.04233704e+02, 2.22401413e+02, 4.84809021e+02, 1.55189529e+02,
       4.47412506e+02, 1.55236313e+02, 4.47445526e+02, 2.06596115e+02,
       4.73248535e+02, 2.05916870e+02, 4.74362244e+02, 3.31315887e+02,
       3.38080292e+02, 3.23027924e+02, 3.31117737e+02, 6.19346504e+01,
       2.60068146e+02, 1.76837585e+02, 4.67346893e+02, 2.05480682e+02,
       3.51502838e+02, 3.90708862e+02, 3.85261047e+02, 2.05921951e+02,
       4.77149231e+02, 2.05669800e+02, 3.51260895e+02, 2.39589432e+02,
       4.98484039e+02, 1.72021805e+02, 4.34941925e+02, 7.02386932e+01,
       4.47661499e+02, 1.76327927e+02, 4.33725525e+02, 1.72920929e+02,
       4.35013336e+02, 5.78209076e+01, 4.53601990e+02, 3.46042023e+02,
       3.52561432e+02, 2.35704865e+02, 4.89880432e+02, 1.20236488e+02,
       4.21239380e+02, 5.76665192e+01, 2.23381317e+02, 1.83152039e+02,
       4.55912964e+02, 5.83827576e+02, 2.90519257e+02, 5.73693848e+02,
       2.79746002e+02, 5.66847656e+02, 2.72317444e+02, 5.77463501e+02,
       2.83250702e+02, 2.03227798e+02, 4.52539886e+02, 1.27072929e+02,
       4.29249268e+02, 2.03269196e+02, 4.52545166e+02, 5.68417664e+02,
       2.73975708e+02, 6.61422501e+01, 4.65132416e+02, 6.18566513e+01,
       2.23863586e+02, 2.00194595e+02, 4.06715790e+02, 5.52298851e+01,
       2.24631042e+02, 1.91486969e+02, 4.68978729e+02, 8.53687927e+02,
       3.29915924e+02, 1.10003876e+02, 3.79149139e+02, 8.55564453e+02,
       3.28071167e+02, 6.84354324e+01, 2.08100159e+02, 4.11065308e+02,
       3.39353882e+02, 1.30241699e+02, 4.28406036e+02, 5.37362488e+02,
       2.93179626e+02, 6.82906723e+01, 4.68182861e+02, 7.54838867e+01,
       4.40889252e+02, 2.53554565e+02, 4.93207794e+02, 8.09182587e+01,
       2.11870148e+02, 5.32661011e+02, 2.89640137e+02, 1.98400101e+02,
       4.05931213e+02, 2.46443680e+02, 4.42038544e+02, 7.89621735e+01,
       4.36631104e+02, 1.22461456e+02, 4.19739075e+02, 9.12557526e+01,
       4.12919830e+02, 7.74601898e+01, 4.37597992e+02, 1.40971497e+02,
       4.32413086e+02, 4.05615356e+02, 3.90734344e+02, 2.53194153e+02,
       4.93066437e+02, 4.00777527e+02, 3.87999847e+02, 7.53145981e+01,
       3.96926483e+02, 4.06370972e+02, 3.91135925e+02, 1.84903931e+02,
       4.03290283e+02, 6.64596100e+01, 3.90856049e+02, 7.04979095e+01,
       2.17912888e+02, 3.75595612e+02, 3.99144592e+02, 7.65654144e+01,
       3.97099060e+02, 7.44752502e+01, 3.94692566e+02, 8.13436127e+01,
       4.32486359e+02, 3.76534607e+02, 3.98337189e+02, 2.43799881e+02,
       4.06282928e+02, 1.31988342e+02, 4.28362122e+02, 1.81624573e+02,
       4.25161652e+02, 1.43294861e+02, 4.38310486e+02, 3.81011566e+02,
       3.93844849e+02, 8.02094345e+01, 2.73082855e+02, 8.11905594e+01,
       2.74458130e+02, 6.57965012e+01, 3.87055664e+02, 2.29187500e+02,
       9.92881546e+01, 1.06756973e+02, 3.86735535e+02, 5.62107178e+02,
       3.05693420e+02, 5.63576660e+02, 3.07522980e+02, 1.91438110e+02,
       7.50110779e+01, 4.27114075e+02, 2.97126709e+02, 4.29712402e+02,
       3.01068695e+02, 1.30422104e+02, 4.40975189e+02, 4.25178528e+02,
       2.94472290e+02, 2.80151093e+02, 7.50330734e+01, 1.25394646e+02,
       4.18776337e+02, 2.53226974e+02, 4.49979492e+02, 1.42002163e+01,
       4.76390198e+02, 6.56984100e+01, 4.07784027e+02, 8.95188293e+01,
       4.24129150e+02, 8.04480438e+01, 4.00473816e+02, 1.48037796e+01,
       4.75123962e+02, 8.87855301e+01, 4.26749512e+02, 1.84828552e+02,
       4.04096130e+02, 6.55307770e+01, 4.07683228e+02, 2.32282898e+02,
       5.07132233e+02, 4.23791016e+02, 2.92594330e+02, 1.79077591e+02,
       4.49751617e+02, 2.71471710e+01, 6.60179138e+01, 6.51837616e+01,
       4.36087006e+02, 4.39941650e+02, 3.13165527e+02, 2.09317154e+02,
       8.10165253e+01, 4.32416809e+02, 3.05935333e+02, 5.24824562e+01,
       8.59666138e+01, 2.07530762e+02, 7.87243118e+01, 5.26151962e+01,
       8.70843430e+01, 8.82082825e+01, 4.02554871e+02, 1.13268921e+02,
       4.42798340e+02, 8.37861404e+01, 3.11962616e+02, 4.53145790e+01,
       2.78709808e+02, 4.46490570e+02, 3.21693054e+02, 4.47880554e+02,
       3.24189026e+02, 2.45384323e+02, 4.12463257e+02, 1.12962105e+02,
       4.43218628e+02, 5.37810249e+01, 2.10779510e+02, 2.00370056e+02,
       4.61983429e+02, 1.02319893e+02, 3.90918091e+02, 4.54789551e+02,
       3.41739807e+02, 1.27324745e+02, 4.46611420e+02, 1.11132935e+02,
       4.51448364e+02, 4.73918076e+01, 2.76401276e+02, 4.40470047e+01,
       2.47161087e+02, 2.59180908e+02, 3.92312042e+02, 5.83186684e+01,
       5.23303589e+02, 4.12610291e+02, 3.27537872e+02, 4.77512932e+01,
       8.92603912e+01, 1.26108360e+02, 4.17441132e+02, 4.11817352e+02,
       3.26394470e+02, 7.25987396e+01, 2.92631622e+02, 4.91174011e+01,
       2.08945648e+02, 1.01100029e+02, 3.91829071e+02, 2.46759781e+02,
       4.58117615e+02, 2.47490875e+02, 4.55588715e+02, 3.57638435e+01,
       2.41233047e+02, 1.05625084e+02, 3.71118805e+02, 7.36322021e+01,
       2.99695435e+02, 3.62398712e+02, 3.73352783e+02, 4.57337837e+01,
       9.05230789e+01, 4.78613205e+01, 2.08007385e+02, 2.09864670e+02,
       3.82841217e+02, 4.21205444e+01, 2.91495636e+02, 1.73983734e+02,
       6.60668106e+01, 2.51606323e+02, 4.05540497e+02, 1.03361725e+02,
       3.70860291e+02, 3.64014893e+02, 3.72231049e+02, 1.70735001e+02,
       4.18601593e+02, 1.90220322e+02, 4.24706207e+02, 3.74910545e+01,
       2.43786972e+02, 1.59700729e+02, 4.60920349e+02, 2.43857269e+02,
       4.73675079e+02, 1.96766937e+02, 4.40406250e+02, 2.26291916e+02,
       4.78119293e+02, 3.99483109e+01, 2.98748810e+02, 7.35288010e+01,
       2.98908081e+02, 6.29290466e+01, 3.69253815e+02, 5.17642708e+01,
       3.29994171e+02, 7.05400543e+01, 2.31859222e+02, 1.94724426e+02,
       4.42984161e+02, 1.99610214e+02, 6.97672043e+01, 1.71452271e+02,
       4.40279999e+02, 2.37718750e+02, 4.31076996e+02, 2.06116623e+02,
       5.02649323e+02, 8.60870590e+01, 3.15642487e+02, 1.28394257e+02,
       4.22230072e+02, 1.00223541e+02, 3.69966888e+02, 3.78134155e+02,
       3.51197083e+02, 1.68494354e+02, 6.77629318e+01, 7.77472916e+01,
       2.43461639e+02, 2.02031631e+02, 4.02235291e+02, 1.50621672e+01,
       4.84126678e+02, 5.06167641e+01, 2.86335083e+02, 4.24641075e+01,
       2.06559845e+02, 2.54346222e+02, 4.80080261e+02, 2.06932846e+02,
       4.44104919e+02, 9.74195023e+01, 3.96549438e+02, 2.51855759e+02,
       6.81666031e+01, 2.16866135e+02, 4.22991058e+02, 2.32270081e+02,
       5.15375366e+02, 3.88955719e+02, 4.38046783e+02, 2.62002960e+02,
       3.94076263e+02, 1.32423965e+02, 7.10835037e+01, 1.02529015e+02,
       4.60815338e+02, 5.78574333e+01, 3.91534943e+02, 1.69410690e+02,
       6.59865189e+01, 4.86688995e+01, 4.58811737e+02, 1.09697540e+02,
       4.33542114e+02, 6.49580917e+01, 3.64213226e+02, 1.37440729e+01,
       2.96496674e+02, 9.88111496e+01, 3.69176178e+02, 1.07131554e+02,
       4.32917603e+02, 2.47509872e+02, 4.28662537e+02, 2.44578552e+02,
       4.61771271e+02, 3.64866852e+02, 3.53312408e+02, 4.53783951e+01,
       2.98410126e+02, 2.70989094e+01, 2.57800507e+02, 7.64533005e+01,
       2.84823853e+02, 3.10124390e+02, 3.60410675e+02, 3.09611603e+02,
       3.60657623e+02, 1.59155304e+02, 4.44872131e+02, 3.55893593e+01,
