%YAML:1.0
pointmatrix: !!opencv-matrix
   rows: 472
   cols: 1
   dt: "2f"
   data: [ 2.93235512e+01, 2.87392822e+02, 2.95068474e+01,
       2.87403656e+02, 2.52095963e+02, 3.88687592e+02, 2.52118416e+01,
       3.02387299e+02, 9.37582397e+01, 8.91861191e+01, 8.56589203e+01,
       8.28803253e+01, 8.48902206e+01, 8.21244507e+01, 1.73695312e+02,
       4.62245483e+02, 1.01643578e+02, 9.74980469e+01, 1.77510590e+02,
       4.43480164e+02, 2.51245880e+01, 3.02607544e+02, 7.82857971e+01,
       2.05517685e+02, 6.09686394e+01, 4.43185120e+02, 8.74666290e+01,
       4.47846771e+02, 2.25362061e+02, 4.84082031e+02, 7.66562729e+01,
       2.02869003e+02, 6.01862602e+01, 4.41891724e+02, 2.50624207e+02,
       5.03715118e+02, 2.25867996e+02, 4.84538940e+02, 1.58970139e+02,
       4.47078064e+02, 1.58977036e+02, 4.47290009e+02, 2.10180069e+02,
       4.72873779e+02, 2.09523499e+02, 4.74011810e+02, 2.08957382e+02,
       3.51138428e+02, 3.35024506e+02, 3.38066681e+02, 2.09148605e+02,
       3.51003571e+02, 6.59181366e+01, 2.59803467e+02, 3.26394165e+02,
       3.30536926e+02, 3.26134521e+02, 3.32810242e+02, 1.80415085e+02,
       4.67711914e+02, 3.94086334e+02, 3.85214996e+02, 2.09408997e+02,
       4.76880280e+02, 2.28934631e+02, 4.87193512e+02, 1.75657150e+02,
       4.34595520e+02, 1.79976700e+02, 4.33376953e+02, 6.18440094e+01,
       4.53086639e+02, 1.76615738e+02, 4.34616913e+02, 2.42978485e+02,
       4.98311005e+02, 3.49616486e+02, 3.52691345e+02, 7.39742661e+01,
       4.46644928e+02, 1.86607712e+02, 4.55645721e+02, 6.15156593e+01,
       2.23326401e+02, 2.39471588e+02, 4.89341583e+02, 1.23998222e+02,
       4.20906403e+02, 1.59436386e+02, 4.44220734e+02, 5.87732483e+02,
       2.90719452e+02, 5.77586243e+02, 2.79830414e+02, 2.40745941e+02,
       4.98222412e+02, 2.06733780e+02, 4.52452332e+02, 2.06881790e+02,
       4.52079163e+02, 5.81845154e+02, 2.83339874e+02, 1.30781860e+02,
       4.28851105e+02, 7.45456314e+01, 4.46055603e+02, 6.98293381e+01,
       4.64871246e+02, 6.56635513e+01, 2.23937988e+02, 5.91824913e+01,
       2.24531540e+02, 1.95077194e+02, 4.68696808e+02, 1.13814560e+02,
       3.78797577e+02, 6.92835922e+01, 4.64564789e+02, 2.03634048e+02,
       4.06551147e+02, 7.23617859e+01, 2.07916626e+02, 8.57646545e+02,
       3.30100189e+02, 2.49879669e+02, 4.41964020e+02, 8.59494324e+02,
       3.28172638e+02, 4.14454010e+02, 3.39251038e+02, 6.83024673e+01,
       4.62308350e+02, 5.40922119e+02, 2.93171906e+02, 1.34059616e+02,
       4.28293549e+02, 2.57196625e+02, 4.92939392e+02, 8.29062881e+01,
       4.36247345e+02, 8.53404846e+02, 3.34684967e+02, 8.49374008e+01,
       2.11845245e+02, 7.92959595e+01, 4.40540833e+02, 7.20306091e+01,
       4.67840881e+02, 5.36565979e+02, 2.89948212e+02, 8.15265656e+01,
       4.37029480e+02, 2.01896378e+02, 4.05570526e+02, 9.52312851e+01,
       4.12352386e+02, 2.56769806e+02, 4.92735962e+02, 1.44436523e+02,
       4.32061859e+02, 4.08856934e+02, 3.90654083e+02, 2.26985565e+02,
       4.88687012e+02, 8.05173416e+01, 3.96787567e+02, 2.57884796e+02,
       4.91048828e+02, 7.42518539e+01, 2.17833542e+02, 1.47070663e+02,
       4.37659760e+02, 4.09706665e+02, 3.91010651e+02, 7.93036804e+01,
       3.96485718e+02, 7.86684570e+01, 3.94175293e+02, 1.88440765e+02,
       4.03119904e+02, 5.56909363e+02, 2.98584656e+02, 8.51752319e+01,
       4.32112885e+02, 7.02932129e+01, 3.90920319e+02, 1.85120361e+02,
       4.24845001e+02, 3.78946838e+02, 3.99128021e+02, 3.79975098e+02,
       3.98334747e+02, 5.66937561e+02, 3.07597626e+02, 1.10517769e+02,
       3.86296356e+02, 8.40383606e+01, 2.72899353e+02, 2.46947113e+02,
       4.05662872e+02, 5.65577698e+02, 3.05819855e+02, 4.30551910e+02,
       2.97062897e+02, 2.31302628e+02, 9.72786407e+01, 6.97171936e+01,
       3.86734131e+02, 8.53154068e+01, 2.74537567e+02, 1.34025284e+02,
       4.40696350e+02, 1.95003845e+02, 7.50763474e+01, 4.33723389e+02,
       3.01270752e+02, 6.89027939e+01, 4.35879822e+02, 2.83680359e+02,
       7.50105438e+01, 1.83048203e+02, 4.49271423e+02, 9.26350861e+01,
       4.26365021e+02, 1.35734070e+02, 4.28048981e+02, 4.27327484e+02,
       2.92509521e+02, 6.95653610e+01, 4.07393494e+02, 9.35099411e+01,
       4.23547760e+02, 8.43131104e+01, 4.00152161e+02, 2.35232147e+02,
       5.06914948e+02, 2.13103165e+02, 8.10826569e+01, 5.64041061e+01,
       8.58105621e+01, 6.94584961e+01, 4.07539764e+02, 1.08290833e+02,
       3.88072235e+02, 4.42858246e+02, 3.13051819e+02, 4.35251129e+02,
       3.05090607e+02, 2.12094818e+02, 7.92005463e+01, 9.17702866e+01,
       4.02243866e+02, 1.90071125e+01, 4.74335602e+02, 1.17127190e+02,
       4.42398804e+02, 1.63723343e+02, 4.60857300e+02, 1.16800095e+02,
       4.42870026e+02, 5.65261116e+01, 8.69065094e+01, 4.50042511e+02,
       3.24328308e+02, 4.49633545e+02, 3.21320618e+02, 2.56639465e+02,
       4.49764313e+02, 4.94140587e+01, 2.78485291e+02, 2.03950958e+02,
       4.61734253e+02, 8.75839920e+01, 3.11381378e+02, 1.31105331e+02,
       4.46248413e+02, 6.18975220e+01, 5.22971008e+02, 4.60405518e+02,
       3.42929565e+02, 1.29916534e+02, 4.17213287e+02, 5.76501694e+01,
       2.10800568e+02, 1.06060089e+02, 3.90589905e+02, 2.62667236e+02,
       3.92161194e+02, 1.40982304e+01, 3.04353760e+02, 4.81214905e+01,
       2.47056808e+02, 2.50997375e+02, 4.55432556e+02, 2.55004425e+02,
       4.05051270e+02, 5.52876472e+01, 2.09577499e+02, 5.16370659e+01,
       8.91710358e+01, 4.15899353e+02, 3.27403076e+02, 2.53452957e+02,
       4.97285034e+02, 2.50083084e+02, 4.58003632e+02, 7.64771347e+01,
       2.92522980e+02, 5.30463867e+01, 2.08902695e+02, 1.65090656e+01,
       4.44137238e+02, 5.42991409e+01, 2.86143433e+02, 3.67385742e+02,
       3.72057159e+02, 1.74672745e+02, 4.18093048e+02, 1.09585159e+02,
       3.70507965e+02, 3.65842102e+02, 3.73154114e+02, 1.14799927e+02,
       4.51070953e+02, 4.15016632e+02, 3.26249756e+02, 4.61140785e+01,
       2.91288635e+02, 1.04968201e+02, 3.91315125e+02, 7.73085632e+01,
       2.99585602e+02, 4.97107124e+01, 9.05032654e+01, 5.18448448e+01,
       2.08029785e+02, 7.04522018e+01, 4.12666565e+02, 4.39619141e+01,
       2.98642426e+02, 1.77704254e+02, 6.60752640e+01, 4.31933975e+01,
       2.43448883e+02, 2.47529922e+02, 4.91082458e+02, 3.96948395e+01,
       2.41225250e+02, 4.15180283e+01, 2.43990921e+02, 1.63119537e+02,
       4.60605713e+02, 2.50896988e+02, 4.28677673e+02, 1.93331924e+02,
       4.24412476e+02, 2.00054016e+02, 4.40652893e+02, 7.76176605e+01,
       2.98292725e+02, 1.98158859e+02, 4.42874878e+02, 2.29539856e+02,
       4.77700928e+02, 2.40267303e+02, 4.31297729e+02, 1.04415504e+02,
       3.69553436e+02, 6.69512939e+01, 3.69016296e+02, 1.32004913e+02,
       4.22002502e+02, 7.42867508e+01, 2.32839584e+02, 5.56849365e+01,
       3.29687653e+02, 3.81078430e+02, 3.51088501e+02, 2.09462936e+02,
       5.02107727e+02, 8.15523300e+01, 2.43357819e+02, 2.38832840e+02,
       4.30994415e+02, 2.05132629e+02, 4.03421509e+02, 2.35754257e+02,
       5.15250427e+02, 2.03194107e+02, 6.97674713e+01, 2.57915527e+02,
       4.79773163e+02, 1.90111885e+01, 4.83150238e+02, 1.72292175e+02,
       6.77620773e+01, 2.35048203e+02, 5.15753357e+02, 2.47445740e+02,
       4.73388702e+02, 1.82047302e+02, 6.98881531e+01, 2.01379242e+02,
       6.96879654e+01, 3.92734894e+02, 4.37546814e+02, 2.55704483e+02,
       6.81242371e+01, 1.03431900e+02, 3.68844360e+02, 2.20294983e+02,
       4.22646393e+02, 1.06364670e+02, 4.60145752e+02, 4.64632950e+01,
       2.06414261e+02, 1.73409439e+02, 6.59620132e+01, 6.89869308e+01,
       3.63892456e+02, 2.10563477e+02, 4.43757965e+02, 5.24995384e+01,
       4.58246094e+02, 3.13506775e+02, 3.60332855e+02, 1.13655624e+02,
       4.32512207e+02, 1.96319717e+02, 4.40161591e+02, 3.71106445e+02,
       3.51907715e+02, 6.17792015e+01, 3.90932770e+02, 1.77903347e+01,
       2.96333557e+02, 4.92463074e+01, 2.98327148e+02, 1.36333984e+02,
       7.10739441e+01, 7.01297455e+01, 3.62553497e+02, 1.10966301e+02,
