%YAML:1.0
pointmatrix: !!opencv-matrix
   rows: 472
   cols: 1
   dt: "2f"
   data: [ 3.33693504e+01, 2.87290680e+02, 3.36122131e+01,
       2.87234161e+02, 3.28259155e+02, 1.03413345e+02, 2.55298172e+02,
       3.88309174e+02, 9.33172150e+01, 8.62701035e+01, 2.92061672e+01,
       3.02239288e+02, 9.76479950e+01, 8.94630737e+01, 8.95831833e+01,
       8.30283585e+01, 8.88160019e+01, 8.23136597e+01, 1.77414780e+02,
       4.61710114e+02, 1.05559883e+02, 9.74406281e+01, 1.77170135e+02,
       4.60387726e+02, 1.81400894e+02, 4.43152374e+02, 2.90723305e+01,
       3.02559235e+02, 8.21423569e+01, 2.05499878e+02, 6.48159409e+01,
       4.42665985e+02, 2.28919220e+02, 4.83608795e+02, 9.14647598e+01,
       4.47388489e+02, 2.54222473e+02, 5.03357361e+02, 1.62788971e+02,
       4.46609833e+02, 6.40473938e+01, 4.41551300e+02, 2.29239548e+02,
       4.84407349e+02, 1.62494781e+02, 4.46865601e+02, 2.13034744e+02,
       4.73709930e+02, 2.13536026e+02, 4.72672882e+02, 3.38856873e+02,
       3.37831787e+02, 6.98266525e+01, 2.59715485e+02, 3.28964111e+02,
       3.30690918e+02, 2.12654129e+02, 3.51006409e+02, 2.12838196e+02,
       3.50882324e+02, 1.84094193e+02, 4.67408997e+02, 1.83961029e+02,
       4.66675140e+02, 2.13071228e+02, 4.76487579e+02, 3.97382416e+02,
       3.85076813e+02, 1.83672562e+02, 4.33041077e+02, 1.79142593e+02,
       4.34391510e+02, 6.56489487e+01, 4.52726196e+02, 1.47483273e+01,
       3.84432587e+02, 1.90676605e+02, 4.54874695e+02, 3.51713165e+02,
       3.50585388e+02, 2.43017761e+02, 4.89094177e+02, 2.46559769e+02,
       4.97897583e+02, 7.78594666e+01, 4.46194916e+02, 3.52889587e+02,
       3.52520538e+02, 6.54066391e+01, 2.23367859e+02, 5.91684937e+02,
       2.90931976e+02, 5.81324951e+02, 2.80027283e+02, 1.78600433e+02,
       4.57368530e+02, 2.10466400e+02, 4.51895721e+02, 2.10349228e+02,
       4.52401642e+02, 5.73787231e+02, 2.72315674e+02, 1.67283783e+02,
       4.37147736e+02, 1.27809128e+02, 4.20497955e+02, 1.34628143e+02,
       4.28317627e+02, 5.84666443e+02, 2.83351105e+02, 7.85273132e+01,
       4.45934540e+02, 7.33922577e+01, 4.64666199e+02, 6.95535812e+01,
       2.23942108e+02, 1.98905991e+02, 4.67974121e+02, 6.30879173e+01,
       2.24514908e+02, 1.17586533e+02, 3.78640839e+02, 1.37791931e+02,
       4.27935638e+02, 2.07272888e+02, 4.06388153e+02, 8.61752319e+02,
       3.30324280e+02, 7.63628464e+01, 2.07858902e+02, 8.63630066e+02,
       3.28286774e+02, 2.01779289e+01, 4.68309059e+01, 1.65768585e+02,
       5.27051941e+02, 5.49590942e+02, 2.94822479e+02, 5.43500916e+02,
       2.92719116e+02, 4.17948822e+02, 3.39211517e+02, 2.60773407e+02,
       4.92533508e+02, 2.53450333e+02, 4.41483948e+02, 8.62397034e+02,
       3.29925446e+02, 5.39792358e+02, 2.89824554e+02, 8.89003677e+01,
       2.11925919e+02, 8.65316315e+01, 4.35949127e+02, 8.31729279e+01,
       4.40012512e+02, 2.60227142e+02, 4.92514557e+02, 8.53894730e+01,
       4.36568634e+02, 2.05824524e+02, 4.05213745e+02, 4.12169678e+02,
       3.90572479e+02, 9.93028946e+01, 4.11467590e+02, 8.31872787e+01,
       3.96210846e+02, 7.40871201e+01, 3.90006805e+02, 1.50953201e+02,
       4.37456635e+02, 8.41665192e+01, 3.96601166e+02, 4.12944214e+02,
       3.90937714e+02, 1.48326660e+02, 4.31563660e+02, 3.82324127e+02,
       3.99045654e+02, 8.23011169e+01, 3.94132477e+02, 7.82105103e+01,
       2.17822937e+02, 1.92094849e+02, 4.02928925e+02, 2.30673141e+02,
       4.87980896e+02, 3.83246765e+02, 3.98219086e+02, 3.80469574e+02,
       4.00961182e+02, 1.14390388e+02, 3.86168762e+02, 2.50599518e+02,
       4.05475586e+02, 3.87658112e+02, 3.93591888e+02, 1.88729523e+02,
       4.24482635e+02, 8.79243011e+01, 2.72695923e+02, 1.39181610e+02,
       4.27446442e+02, 5.69050232e+02, 3.05866577e+02, 1.86402252e+02,
       4.49013000e+02, 7.35837021e+01, 3.86460327e+02, 2.36588394e+02,
       9.89272308e+01, 5.70433411e+02, 3.07534485e+02, 4.33621216e+02,
       2.96875336e+02, 7.34610596e+01, 4.06902740e+02, 5.26599426e+02,
       2.78643127e+02, 4.35368378e+02, 3.00092987e+02, 1.98572296e+02,
       7.52414474e+01, 9.63824463e+01, 4.26036591e+02, 2.50238586e+02,
       4.09346130e+02, 7.33155441e+01, 4.07034241e+02, 1.12144951e+02,
       3.87674866e+02, 4.30845001e+02, 2.92350677e+02, 1.37741577e+02,
       4.40594666e+02, 2.87679077e+02, 7.50211716e+01, 2.17141907e+02,
       8.08881607e+01, 3.78464203e+02, 4.02818756e+02, 2.22640324e+01,
       4.75402466e+02, 2.39055618e+02, 5.06906525e+02, 4.45952484e+02,
       3.12805023e+02, 7.28714600e+01, 4.35477692e+02, 8.80212097e+01,
       3.99602173e+02, 4.39135010e+02, 3.05343231e+02, 2.16037903e+02,
       7.91481400e+01, 2.60097992e+02, 4.49569458e+02, 2.28121643e+01,
       4.74195770e+02, 1.20846764e+02, 4.42001892e+02, 1.20589371e+02,
       4.42546326e+02, 9.56035309e+01, 4.01930817e+02, 5.34010849e+01,
       2.78165375e+02, 6.05774536e+01, 8.72677078e+01, 4.52986847e+02,
       3.21054779e+02, 1.67823120e+02, 4.60629303e+02, 4.54014862e+02,
       3.24326233e+02, 7.32746964e+01, 3.86305115e+02, 1.34811615e+02,
       4.46053864e+02, 9.15678101e+01, 3.11142853e+02, 1.66417053e+02,
       4.60231232e+02, 4.61945099e+02, 3.42043121e+02, 2.66174225e+02,
       3.91978027e+02, 1.78066467e+02, 4.17964661e+02, 1.33817444e+02,
       4.16896637e+02, 1.79385605e+01, 4.56673889e+02, 6.15444107e+01,
       2.10777176e+02, 2.54610794e+02, 4.28756683e+02, 2.07589127e+02,
       4.61330475e+02, 2.58752441e+02, 4.04775208e+02, 5.22037468e+01,
       2.47186676e+02, 2.06368237e+01, 4.43559509e+02, 5.93044319e+01,
       2.09568497e+02, 2.54447037e+02, 4.54965820e+02, 1.81207047e+01,
       3.04414978e+02, 5.56593704e+01, 8.93076630e+01, 6.62353821e+01,
       5.22308533e+02, 8.03911514e+01, 2.92479889e+02, 3.70837677e+02,
       3.72287781e+02, 1.08828262e+02, 3.90982513e+02, 5.68766136e+01,
       2.08906219e+02, 2.53743240e+02, 4.57628357e+02, 1.13488922e+02,
       3.70246368e+02, 5.93180656e+01, 2.73267059e+02, 5.01044617e+01,
       2.91175964e+02, 4.19397034e+02, 3.27266174e+02, 3.69086700e+02,
       3.73015289e+02, 1.18647545e+02, 4.50885895e+02, 4.78221436e+01,
       2.98527618e+02, 4.18382080e+02, 3.26215759e+02, 8.13825455e+01,
       2.99168335e+02, 1.11072037e+02, 3.70043762e+02, 2.50700058e+02,
       4.72520355e+02, 5.57479286e+01, 2.08070770e+02, 2.33150345e+02,
       4.77339844e+02, 4.37988167e+01, 2.41189636e+02, 5.37498131e+01,
       9.08595734e+01, 5.85638962e+01, 2.86099640e+02, 8.15348816e+01,
       2.98021515e+02, 1.80692963e+02, 6.62014160e+01, 1.97100815e+02,
       4.24210480e+02, 4.71793480e+01, 2.43346756e+02, 4.55296364e+01,
       2.43860779e+02, 2.96849884e+02, 6.85624542e+01, 2.03483414e+02,
       4.40631897e+02, 2.06910736e+02, 6.98257675e+01, 7.83046112e+01,
       2.31884644e+02, 1.34968674e+02, 4.50163025e+02, 2.04005249e+02,
       4.39484192e+02, 2.44716904e+02, 4.30462341e+02, 5.97536736e+01,
       3.29376221e+02, 1.66559601e+02, 4.60002747e+02, 7.08720856e+01,
       3.68854553e+02, 2.30452957e+01, 4.82949646e+02, 2.22173786e+01,
       2.95176758e+02, 1.08206245e+02, 3.69167969e+02, 2.42520248e+02,
       4.30639496e+02, 2.01695221e+02, 4.42566986e+02, 1.35694702e+02,
       4.21585724e+02, 1.39819168e+02, 7.15057220e+01, 1.17402260e+02,
       4.32531342e+02, 8.54299088e+01, 2.43398346e+02, 2.08452805e+02,
       4.03996094e+02, 2.39392197e+02, 5.15019714e+02, 2.38589203e+02,
       5.15458069e+02, 1.75898560e+02, 6.78712387e+01, 1.86283279e+02,
       7.00264664e+01, 3.83601013e+02, 3.49920898e+02, 2.07812927e+02,
       6.84235458e+01, 2.14113174e+02, 4.43545776e+02, 3.95414551e+02,
       4.37818665e+02, 1.07251892e+02, 3.68559692e+02, 5.03680573e+01,
       2.06455551e+02, 2.23378998e+02, 4.23239441e+02, 1.48035069e+01,
       3.05115387e+02, 1.05214622e+02, 3.96047607e+02, 1.10412018e+02,
       4.59840607e+02, 2.50519485e+02, 4.90882996e+02, 1.76952927e+02,
       6.60686188e+01, 6.56276779e+01, 3.90805969e+02, 3.16709473e+02,
