%YAML:1.0
pointmatrix: !!opencv-matrix
   rows: 470
   cols: 1
   dt: "2f"
   data: [ 3.75499306e+01, 2.87034393e+02, 3.77399864e+01,
       2.86918976e+02, 3.31485840e+02, 1.03887436e+02, 2.59121735e+02,
       3.88000702e+02, 9.75475464e+01, 8.65148239e+01, 3.31292763e+01,
       3.02003754e+02, 9.35923233e+01, 8.30051422e+01, 9.29960098e+01,
       8.24764099e+01, 1.01568375e+02, 8.95685883e+01, 1.81235168e+02,
       4.61061066e+02, 1.85444519e+02, 4.42806732e+02, 8.60878296e+01,
       2.04873108e+02, 6.89162064e+01, 4.42283844e+02, 2.32551514e+02,
       4.83249664e+02, 9.50364990e+01, 4.46960663e+02, 6.81076202e+01,
       4.40812958e+02, 2.57733185e+02, 5.03186981e+02, 2.32800705e+02,
       4.84097198e+02, 1.66575455e+02, 4.46105316e+02, 1.66154526e+02,
       4.46234802e+02, 2.16755753e+02, 4.73196930e+02, 2.17093002e+02,
       4.72429260e+02, 7.42261658e+01, 2.59423859e+02, 2.16522247e+02,
       3.50651794e+02, 2.16270370e+02, 3.50749023e+02, 3.43003876e+02,
       3.37702301e+02, 1.87819122e+02, 4.66890411e+02, 2.16712296e+02,
       4.75901764e+02, 3.33650238e+02, 3.30911621e+02, 4.00822723e+02,
       3.84993958e+02, 1.74416714e+01, 3.86297943e+02, 1.82744751e+02,
       4.34076813e+02, 1.87127686e+02, 4.32731934e+02, 1.83933792e+02,
       4.33881927e+02, 8.19011917e+01, 4.45964905e+02, 1.94349960e+02,
       4.54439453e+02, 6.96834335e+01, 4.52120300e+02, 3.55411499e+02,
       3.50728241e+02, 2.46490631e+02, 4.88897736e+02, 6.93299179e+01,
       2.23319168e+02, 2.49601089e+02, 4.97421692e+02, 5.95756653e+02,
       2.91081970e+02, 1.31514938e+02, 4.20147156e+02, 5.83647888e+02,
       2.79465118e+02, 5.87552612e+02, 2.82768768e+02, 1.38698959e+02,
       4.28204041e+02, 2.14093872e+02, 4.51582672e+02, 1.71254974e+02,
       4.36743378e+02, 5.87752930e+02, 2.83261963e+02, 7.71552505e+01,
       4.64322693e+02, 2.14128967e+02, 4.51844147e+02, 2.02475342e+02,
       4.67750946e+02, 7.36584625e+01, 2.23496796e+02, 2.11127319e+02,
       4.05698425e+02, 6.70752106e+01, 2.24348557e+02, 1.41510544e+02,
       4.27439911e+02, 7.70371017e+01, 4.63556641e+02, 1.21325790e+02,
       3.78162811e+02, 8.02436295e+01, 2.07560089e+02, 8.65999268e+02,
       3.30358093e+02, 8.68061401e+02, 3.28448059e+02, 2.57087646e+02,
       4.41135071e+02, 2.64156372e+02, 4.92119598e+02, 2.43363228e+01,
       4.65641747e+01, 7.60625610e+01, 4.61312012e+02, 5.53364807e+02,
       2.94673462e+02, 8.66817200e+02, 3.29953888e+02, 5.46898804e+02,
       2.92605103e+02, 4.21317688e+02, 3.38998291e+02, 9.28539047e+01,
       2.11633774e+02, 2.65082550e+02, 4.90179321e+02, 8.69812469e+01,
       4.39607086e+02, 2.09559097e+02, 4.04898224e+02, 5.42839905e+02,
       2.89691040e+02, 4.15742554e+02, 3.90438568e+02, 8.92632217e+01,
       4.36013123e+02, 1.03294853e+02, 4.11147186e+02, 2.63255249e+02,
       4.92275696e+02, 9.06462479e+01, 4.35368622e+02, 7.85713196e+01,
       2.09620865e+02, 1.54481979e+02, 4.37304626e+02, 8.21557083e+01,
       2.17636475e+02, 4.10592407e+02, 3.87363556e+02, 8.69217224e+01,
       3.95893951e+02, 1.92227707e+02, 4.24199249e+02, 4.16443237e+02,
       3.90734161e+02, 7.80147400e+01, 3.89531067e+02, 3.85704376e+02,
       3.98887787e+02, 1.95740646e+02, 4.02349152e+02, 1.42851990e+02,
       4.27169891e+02, 8.78021698e+01, 3.96346008e+02, 2.34158340e+02,
       4.87733307e+02, 3.86406952e+02, 3.98126892e+02, 9.34060669e+01,
       4.31113983e+02, 2.54199280e+02, 4.04943512e+02, 7.73074265e+01,
       4.06737396e+02, 2.35315720e+02, 9.41750259e+01, 7.71252518e+01,
       4.06801666e+02, 9.16459045e+01, 2.72199005e+02, 6.66004333e+01,
       2.29237198e+02, 1.18147224e+02, 3.85730743e+02, 4.71682396e+01,
       6.02229958e+01, 5.73901550e+02, 3.07298828e+02, 2.38183548e+02,
       9.56956558e+01, 2.02423691e+02, 7.59419022e+01, 3.91220734e+02,
       3.93459167e+02, 7.76623764e+01, 3.85965454e+02, 1.89981339e+02,
       4.48615631e+02, 4.37300903e+02, 2.96764740e+02, 7.69668808e+01,
       4.34924622e+02, 4.39041931e+02, 3.00076172e+02, 4.34187714e+02,
       2.92202545e+02, 2.91415894e+02, 7.50015106e+01, 1.00209251e+02,
       4.25435822e+02, 2.20955017e+02, 8.05521469e+01, 1.36612488e+02,
       4.17739471e+02, 2.63793793e+02, 4.48975525e+02, 1.15882103e+02,
       3.87407928e+02, 2.20466431e+02, 7.98238068e+01, 2.42470200e+02,
       5.06632324e+02, 9.24107208e+01, 3.99158325e+02, 1.41148712e+02,
       4.40523438e+02, 3.92155075e+01, 6.61119080e+01, 4.49459656e+02,
       3.12625000e+02, 5.73492012e+01, 2.77824463e+02, 4.42984863e+02,
       3.05302887e+02, 9.94728622e+01, 4.01335022e+02, 6.44755707e+01,
       8.57696915e+01, 7.71949158e+01, 3.85887451e+02, 1.24580818e+02,
       4.41739319e+02, 6.46037903e+01, 8.71324997e+01, 4.57461212e+02,
       3.24082306e+02, 9.55913773e+01, 3.11028259e+02, 4.56661194e+02,
       3.20901093e+02, 1.24429115e+02, 4.42164368e+02, 2.25492306e+01,
       3.03822998e+02, 1.60159645e+01, 5.97452126e+01, 2.11206207e+02,
       4.60959717e+02, 5.60892944e+01, 2.79417358e+02, 5.87506256e+01,
       2.76267700e+02, 2.62196106e+02, 4.04506195e+02, 1.32646809e+01,
       3.53999084e+02, 1.13119164e+02, 3.89884399e+02, 2.19186592e+01,
       4.56298035e+02, 1.70021591e+02, 4.59625336e+02, 1.71724167e+02,
       4.60298798e+02, 6.56607742e+01, 2.10669540e+02, 2.19398956e+01,
       4.56108276e+02, 5.65406113e+01, 2.48169586e+02, 4.67043152e+02,
       3.42417145e+02, 1.37792282e+02, 4.16622375e+02, 1.45581608e+01,
       3.51154175e+02, 1.12591454e+02, 3.90556061e+02, 2.69550354e+02,
       3.91669250e+02, 3.74275024e+02, 3.72047668e+02, 2.58112396e+02,
       4.54558411e+02, 7.00173569e+01, 5.21523804e+02, 1.38578552e+02,
       4.45569061e+02, 6.32505112e+01, 2.09489075e+02, 6.08878021e+01,
       2.08804901e+02, 5.96627769e+01, 8.93479767e+01, 8.41827393e+01,
       2.92395996e+02, 5.42169991e+01, 2.91019409e+02, 3.00473999e+02,
       6.84637375e+01, 2.10919662e+02, 6.97972565e+01, 1.17123016e+02,
       3.70083527e+02, 3.72614075e+02, 3.72703766e+02, 2.60531616e+02,
       4.96396301e+02, 4.22857727e+02, 3.27140381e+02, 2.58069183e+02,
       4.28334015e+02, 6.35519714e+01, 2.73018341e+02, 2.36742188e+02,
       4.77047546e+02, 8.52618027e+01, 2.97990723e+02, 2.18915207e+02,
       3.80740143e+02, 2.57343994e+02, 4.57298828e+02, 4.21976410e+02,
       3.26103302e+02, 8.51946182e+01, 2.98934540e+02, 1.14765335e+02,
       3.69648987e+02, 5.95373001e+01, 2.08003098e+02, 1.84463074e+02,
       6.62411957e+01, 2.54354111e+02, 4.72228088e+02, 5.77164459e+01,
       9.08040314e+01, 5.17820930e+01, 2.98380585e+02, 2.47438965e+02,
       4.30755096e+02, 6.36243858e+01, 3.29120453e+02, 1.22340630e+02,
       4.50499115e+02, 2.46189758e+02, 4.30402191e+02, 1.81777328e+02,
       4.17595703e+02, 1.70382889e+02, 4.59661835e+02, 1.39294342e+02,
       4.21444702e+02, 6.24966545e+01, 2.85733093e+02, 2.05436340e+02,
       4.42341553e+02, 4.78779564e+01, 2.41159790e+02, 2.11545746e+02,
       6.85086670e+01, 2.00218369e+02, 4.56802307e+02, 8.22288361e+01,
       2.31786758e+02, 1.11968811e+02, 3.68904388e+02, 1.82371628e+02,
       4.39142975e+02, 2.00743088e+02, 4.23853790e+02, 2.07650757e+02,
       4.39356384e+02, 1.43907959e+02, 7.10224838e+01, 9.76279831e+01,
       3.14861664e+02, 7.47257385e+01, 3.68570312e+02, 8.93071518e+01,
       2.43408463e+02, 1.38727615e+02, 4.50003113e+02, 3.87105316e+02,
       3.49592621e+02, 5.44443359e+01, 2.06359818e+02, 1.10989403e+02,
       3.68358215e+02, 1.80460983e+02, 6.91646576e+01, 2.42584717e+02,
       5.14394836e+02, 1.21244904e+02, 4.32270294e+02, 2.17640427e+02,
       4.43169922e+02, 2.27474854e+02, 4.23282227e+02, 7.19961319e+01,
       3.70224792e+02, 2.65031433e+02, 4.79029327e+02, 3.20086121e+02,
       3.59983734e+02, 1.80730728e+02, 6.60703430e+01, 3.99679565e+02,
       4.37194000e+02, 4.78804131e+01, 3.12885742e+02, 6.04129257e+01,
       4.57164978e+02, 1.14347343e+02, 4.59531128e+02, 2.55286606e+02,
