%YAML:1.0
pointmatrix: !!opencv-matrix
   rows: 491
   cols: 1
   dt: "2f"
   data: [ 4.16662331e+01, 2.86800842e+02, 4.18940086e+01,
       2.86662933e+02, 3.35966766e+02, 1.03272141e+02, 2.62735291e+02,
       3.87970245e+02, 1.04674164e+02, 8.82411194e+01, 1.84823715e+02,
       4.61023956e+02, 9.75517960e+01, 8.30756226e+01, 1.05631500e+02,
       8.97119293e+01, 9.69298553e+01, 8.25356522e+01, 3.73201866e+01,
       3.01804077e+02, 1.89206085e+02, 4.42610535e+02, 9.01770782e+01,
       2.04714905e+02, 3.72523956e+01, 3.01890656e+02, 1.84544754e+02,
       4.59875977e+02, 1.40004673e+01, 2.42975601e+02, 7.27863312e+01,
       4.41770996e+02, 2.36104202e+02, 4.83032837e+02, 3.67574234e+01,
       2.65460510e+02, 9.87519455e+01, 4.46519684e+02, 2.63735931e+02,
       4.84113312e+02, 7.20483246e+01, 4.40382019e+02, 1.70342178e+02,
       4.45986938e+02, 2.61123566e+02, 5.02807068e+02, 1.70077560e+02,
       4.46196411e+02, 2.20732513e+02, 4.72182678e+02, 2.36463226e+02,
       4.83700653e+02, 2.20321701e+02, 4.73021790e+02, 1.91291260e+02,
       4.65908905e+02, 7.82755051e+01, 2.59213470e+02, 3.13348602e+02,
       3.09614227e+02, 3.47046783e+02, 3.37803467e+02, 3.35626953e+02,
       3.30320740e+02, 2.20300552e+02, 4.75813873e+02, 2.19915466e+02,
       3.50507843e+02, 2.20202957e+02, 3.50428864e+02, 4.04401855e+02,
       3.84971771e+02, 2.40195892e+02, 4.85907074e+02, 1.87770920e+02,
       4.33510986e+02, 1.90988235e+02, 4.32444580e+02, 1.86537125e+02,
       4.33701080e+02, 7.34174042e+01, 4.51745026e+02, 8.57806625e+01,
       4.45758545e+02, 1.97949524e+02, 4.54328094e+02, 2.53873215e+02,
       4.97242310e+02, 2.30564651e+01, 3.83550110e+02, 1.35328415e+02,
       4.19924194e+02, 2.50225586e+02, 4.88398193e+02, 7.32691498e+01,
       2.23229401e+02, 5.99546509e+02, 2.91159088e+02, 5.87708313e+02,
       2.79744690e+02, 5.80926941e+02, 2.72246490e+02, 2.17853516e+02,
       4.51071686e+02, 5.91394226e+02, 2.83045135e+02, 1.75658539e+02,
       4.36439087e+02, 1.42354202e+02, 4.27836121e+02, 2.18114639e+02,
       4.50893524e+02, 2.06054291e+02, 4.67565338e+02, 8.10894165e+01,
       4.63850159e+02, 7.78153458e+01, 2.23358795e+02, 1.25295456e+02,
       3.77844208e+02, 2.14708221e+02, 4.05520203e+02, 7.10973969e+01,
       2.24189117e+02, 8.43255081e+01, 2.07405273e+02, 2.03138924e+01,
       2.88912201e+02, 8.70157776e+02, 3.30523224e+02, 8.72444397e+02,
       3.28570892e+02, 2.85893421e+01, 4.65981674e+01, 5.57057983e+02,
       2.94710266e+02, 2.67751740e+02, 4.91929749e+02, 5.50630493e+02,
       2.92707794e+02, 2.60637268e+02, 4.41055176e+02, 4.24967621e+02,
       3.39058533e+02, 8.39815979e+01, 4.66246857e+02, 1.55951416e+02,
       4.30926910e+02, 2.13045364e+02, 4.04802521e+02, 5.47177124e+02,
       2.89864288e+02, 9.09197235e+01, 4.39137512e+02, 9.69019623e+01,
       2.11606293e+02, 2.68525970e+02, 4.89978790e+02, 9.45032578e+01,
       4.34831970e+02, 9.30550919e+01, 4.35715118e+02, 1.58353638e+02,
       4.36714417e+02, 1.07201439e+02, 4.10963593e+02, 1.37844360e+02,
       4.18295685e+02, 4.19017456e+02, 3.90297882e+02, 1.99406677e+02,
       4.02123352e+02, 2.66778961e+02, 4.92136749e+02, 1.95623688e+02,
       4.23899017e+02, 8.20718384e+01, 3.89289703e+02, 9.10918274e+01,
       3.95516876e+02, 4.19792206e+02, 3.90585236e+02, 8.62584915e+01,
       2.17455704e+02, 3.89208649e+02, 3.98792938e+02, 1.46751892e+02,
       4.26957123e+02, 9.02775955e+01, 3.93381683e+02, 9.17986755e+01,
       3.96017456e+02, 9.72262268e+01, 4.30742767e+02, 2.57994598e+02,
       4.05184509e+02, 3.90032837e+02, 3.98010559e+02, 2.02230927e+02,
       4.09435028e+02, 5.77479980e+02, 3.07415466e+02, 8.11909027e+01,
       4.07066956e+02, 2.06149902e+02, 7.50880356e+01, 5.76274658e+02,
       3.05886230e+02, 9.56807098e+01, 2.71969391e+02, 8.11172409e+01,
       4.06870575e+02, 1.21974327e+02, 3.85397980e+02, 3.87220612e+02,
       4.00801880e+02, 7.05039062e+01, 2.29190277e+02, 1.93846313e+02,
       4.48245117e+02, 5.13274651e+01, 6.01923332e+01, 9.62871552e+01,
       2.73265411e+02, 5.67274094e+01, 6.02800102e+01, 2.44053940e+02,
       9.93445129e+01, 8.16654739e+01, 3.85639557e+02, 5.33805542e+02,
       2.78661896e+02, 4.40974792e+02, 2.96776642e+02, 4.39743225e+02,
       2.95883209e+02, 2.94700165e+02, 7.50118484e+01, 1.44880829e+02,
       4.40065430e+02, 4.42706970e+02, 3.00114166e+02, 1.38663187e+01,
       3.26788147e+02, 1.40393951e+02, 4.17557098e+02, 1.04269569e+02,
       4.25040619e+02, 9.63497849e+01, 3.98920410e+02, 3.07942390e+01,
       4.73216705e+02, 3.85122314e+02, 4.02642029e+02, 2.24782974e+02,
       7.95906601e+01, 1.19663704e+02, 3.87108795e+02, 2.23905151e+02,
       7.90890350e+01, 1.03373604e+02, 4.01070923e+02, 2.67329559e+02,
       4.48899872e+02, 4.34119606e+01, 6.62780685e+01, 4.53109406e+02,
       3.12654205e+02, 6.85304413e+01, 8.57544632e+01, 8.07532883e+01,
       4.34642212e+02, 1.28449677e+02, 4.41259125e+02, 4.46668213e+02,
       3.05405731e+02, 2.27197433e+02, 8.52171555e+01, 2.45599686e+02,
       5.06711334e+02, 1.93402672e+01, 3.48167542e+02, 9.95613785e+01,
       3.10804840e+02, 6.15630836e+01, 2.77593964e+02, 1.74753189e+02,
       4.59618713e+02, 1.73468124e+02, 4.59433594e+02, 6.86528168e+01,
       8.70603027e+01, 8.50441971e+01, 2.19820633e+02, 4.60286835e+02,
       3.20771942e+02, 2.63981628e+02, 4.96217926e+02, 4.60574219e+02,
       3.24265350e+02, 8.10935669e+01, 3.85712311e+02, 6.27543678e+01,
       2.76160614e+02, 2.14929764e+02, 4.60692963e+02, 2.65857239e+02,
       4.04286865e+02, 2.61767426e+01, 4.55901398e+02, 1.28487839e+02,
       4.41459167e+02, 2.64445896e+01, 3.03524872e+02, 1.71233063e+01,
       3.53665710e+02, 4.69268555e+02, 3.42272430e+02, 1.17249916e+02,
       3.89511749e+02, 2.61340065e+01, 4.55744324e+02, 6.36261749e+01,
       2.75492737e+02, 7.40294952e+01, 5.20999023e+02, 1.42079819e+02,
       4.45175201e+02, 2.61691559e+02, 4.27690857e+02, 2.57921417e+02,
       4.90149780e+02, 6.97495880e+01, 2.10540482e+02, 1.41684464e+02,
       4.16344482e+02, 2.73216553e+02, 3.91472839e+02, 1.16254768e+02,
       3.90223267e+02, 5.82723541e+01, 2.90874084e+02, 1.26259819e+02,
       4.50000916e+02, 6.36912956e+01, 8.95887375e+01, 2.14555542e+02,
       6.97701645e+01, 4.26462616e+02, 3.27192139e+02, 6.49280472e+01,
       2.08727783e+02, 1.20980721e+02, 3.69750793e+02, 2.09058380e+02,
       4.41851929e+02, 1.42955658e+02, 4.21104004e+02, 8.81334305e+01,
       2.92317261e+02, 2.24084606e+01, 3.51794769e+02, 2.60865997e+02,
       4.57055664e+02, 2.61677490e+02, 4.54447052e+02, 8.92419739e+01,
       2.97851501e+02, 1.85944004e+01, 3.50740631e+02, 1.18692574e+02,
       3.69233521e+02, 8.91956482e+01, 2.98767731e+02, 3.76228394e+02,
       3.72651764e+02, 2.40331146e+02, 4.76658630e+02, 3.01780167e+01,
       2.95433594e+02, 4.25789856e+02, 3.26233429e+02, 3.77777924e+02,
       3.71754669e+02, 2.58039886e+02, 4.72030151e+02, 5.58067741e+01,
       2.98206085e+02, 6.34471931e+01, 2.07962021e+02, 6.17702637e+01,
       9.10131989e+01, 1.85867630e+02, 4.17125854e+02, 1.73923172e+02,
       4.59407501e+02, 1.88138840e+02, 6.62072830e+01, 9.33382950e+01,
       2.43303589e+02, 6.76115189e+01, 3.28798187e+02, 2.04711868e+02,
       4.23643707e+02, 2.51918808e+02, 4.30084625e+02, 8.59480209e+01,
       2.32593292e+02, 5.20409279e+01, 2.41143951e+02, 1.15813362e+02,
       3.68579132e+02, 2.10431747e+02, 4.39966187e+02, 1.01719521e+02,
       3.14639618e+02, 1.42668701e+02, 4.49861420e+02, 3.90910278e+02,
       3.49777100e+02, 7.88275757e+01, 3.68099548e+02, 1.83511658e+02,
       6.78578644e+01, 2.20344849e+02, 5.00892639e+02, 5.83763046e+01,
       2.06167557e+02, 2.49751266e+02, 4.30098877e+02, 2.46201126e+02,
       5.14181641e+02, 2.21462509e+02, 4.42762695e+02, 1.14857140e+02,
       3.68135071e+02, 2.31294022e+02, 4.23173462e+02, 1.24994690e+02,
       4.31963623e+02, 6.65910339e+01, 2.85466278e+02, 1.94063980e+02,
