%YAML:1.0
pointmatrix: !!opencv-matrix
   rows: 512
   cols: 1
   dt: "2f"
   data: [ 4.57218781e+01, 2.86557770e+02, 4.59890938e+01,
       2.86453583e+02, 3.38050507e+02, 1.03779549e+02, 2.66491882e+02,
       3.87851532e+02, 1.09753036e+02, 8.99153748e+01, 1.88609360e+02,
       4.60879120e+02, 1.01676102e+02, 8.31463318e+01, 1.92976242e+02,
       4.42474030e+02, 4.16316109e+01, 3.01642242e+02, 1.17600815e+02,
       9.73445511e+01, 1.88317932e+02, 4.59430847e+02, 4.15161095e+01,
       3.01704285e+02, 9.41097794e+01, 2.04687943e+02, 1.81967754e+01,
       2.42937454e+02, 7.68451004e+01, 4.41327087e+02, 4.08237457e+01,
       2.65562714e+02, 2.39784256e+02, 4.82835083e+02, 1.03017616e+02,
       4.46159454e+02, 7.61223297e+01, 4.40131378e+02, 2.64848724e+02,
       5.02354858e+02, 1.74085495e+02, 4.45913940e+02, 1.73935135e+02,
       4.45959137e+02, 2.40423630e+02, 4.83226746e+02, 2.24043106e+02,
       4.72761749e+02, 2.24516373e+02, 4.71809265e+02, 8.23520737e+01,
       2.59135468e+02, 3.48794678e+02, 3.37705688e+02, 3.40345459e+02,
       3.30643951e+02, 2.23997025e+02, 4.75599915e+02, 2.56597939e+01,
       3.85612671e+02, 2.23628754e+02, 3.50420410e+02, 2.53275242e+01,
       3.85923523e+02, 1.95206100e+02, 4.66452118e+02, 2.23924713e+02,
       3.50331818e+02, 4.07916443e+02, 3.84900391e+02, 2.57570129e+02,
       4.96991211e+02, 1.94679642e+02, 4.32230530e+02, 1.91417313e+02,
       4.33334900e+02, 1.90562180e+02, 4.33358276e+02, 2.53817917e+02,
       4.88211334e+02, 8.97874451e+01, 4.45544006e+02, 3.61943054e+02,
       3.50211456e+02, 2.01356430e+02, 4.54289520e+02, 7.73201599e+01,
       2.23243271e+02, 7.76613083e+01, 4.51418884e+02, 1.39206375e+02,
       4.19609436e+02, 5.91643555e+02, 2.79795654e+02, 6.03484070e+02,
       2.91487549e+02, 2.21382431e+02, 4.50966888e+02, 5.92922791e+02,
       2.81001251e+02, 1.51855936e+01, 2.33221207e+02, 1.46464111e+02,
       4.27749481e+02, 2.21634949e+02, 4.50764282e+02, 8.16841431e+01,
       2.23472931e+02, 8.57451324e+01, 4.63005737e+02, 2.18320679e+02,
       4.05401611e+02, 7.51063461e+01, 2.24188538e+02, 1.29139755e+02,
       3.77714630e+02, 2.10060898e+02, 4.66999268e+02, 6.09623840e+02,
       2.96816345e+02, 2.46807499e+01, 2.88820648e+02, 8.83374023e+01,
       2.07342224e+02, 8.52888947e+01, 4.62585938e+02, 8.76738220e+02,
       3.28952362e+02, 8.74662964e+02, 3.30754456e+02, 2.71367004e+02,
       4.91827332e+02, 5.60750793e+02, 2.94868774e+02, 5.54477783e+02,
       2.92888885e+02, 3.26863823e+01, 4.69227104e+01, 8.72065735e+02,
       3.32771088e+02, 2.16614410e+02, 4.04607147e+02, 8.43177414e+01,
       4.60370972e+02, 8.79328384e+01, 4.66094025e+02, 2.71963928e+02,
       4.90023499e+02, 1.49467880e+02, 4.27114197e+02, 1.76903198e+02,
       5.25701721e+02, 2.64194733e+02, 4.40521027e+02, 9.85873718e+01,
       4.34524933e+02, 1.41565918e+02, 4.18037903e+02, 1.00726753e+02,
       2.11545746e+02, 4.28490509e+02, 3.39042267e+02, 1.99033981e+02,
       4.23730774e+02, 1.11438141e+02, 4.10874847e+02, 9.75051498e+01,
       4.35213135e+02, 8.61786041e+01, 3.89087097e+02, 5.50470398e+02,
       2.89341461e+02, 4.22592102e+02, 3.90363983e+02, 1.28733582e+02,
       3.77385681e+02, 1.59482086e+02, 4.30631073e+02, 9.50649567e+01,
       4.38695587e+02, 2.41600704e+01, 2.88774658e+02, 9.52731400e+01,
       3.95230682e+02, 2.70273254e+02, 4.92074371e+02, 4.23476257e+02,
       3.90630768e+02, 2.03094986e+02, 4.02032501e+02, 9.44019470e+01,
       3.93127411e+02, 9.01850662e+01, 2.17451660e+02, 9.63232651e+01,
       3.95475952e+02, 3.92815094e+02, 3.98595245e+02, 1.01321320e+02,
       4.30432281e+02, 1.50692703e+02, 4.26690491e+02, 2.43095688e+02,
       9.43639526e+01, 1.25787445e+02, 3.85307129e+02, 9.97508392e+01,
       2.71822479e+02, 5.81086121e+02, 3.07483124e+02, 2.41421646e+02,
       4.87024719e+02, 9.67266998e+01, 2.68583221e+02, 3.90419495e+02,
       4.00818085e+02, 7.45683212e+01, 2.29159439e+02, 2.46305740e+02,
       9.78544388e+01, 3.98055206e+02, 3.92989044e+02, 1.00719528e+02,
       2.73422882e+02, 5.79814331e+02, 3.05954132e+02, 8.50981903e+01,
       4.06365997e+02, 3.93522827e+02, 3.97928467e+02, 6.10176926e+01,
       6.06459846e+01, 8.48162079e+01, 4.34107727e+02, 2.09877518e+02,
       7.53998947e+01, 2.61560089e+02, 4.04979797e+02, 5.55009308e+01,
       6.04227486e+01, 8.51426392e+01, 4.06305511e+02, 8.56829071e+01,
       3.85480499e+02, 1.44417160e+02, 4.17169952e+02, 4.42405701e+02,
       2.93955841e+02, 1.08179291e+02, 4.24838684e+02, 2.98948120e+02,
       7.50931396e+01, 4.44502502e+02, 2.96803162e+02, 1.97487991e+02,
       4.48004608e+02, 4.41315369e+02, 2.92282898e+02, 1.23596878e+02,
       3.86844360e+02, 1.48633743e+02, 4.39588257e+02, 1.00304878e+02,
       3.98676575e+02, 2.28632706e+02, 8.07151794e+01, 4.46838226e+02,
       3.00430511e+02, 2.27412750e+02, 7.91106262e+01, 3.88630920e+02,
       4.02570526e+02, 1.32398804e+02, 4.40885559e+02, 1.07356651e+02,
       4.01007324e+02, 1.82400951e+01, 3.26438934e+02, 3.51555977e+01,
       4.72375732e+02, 2.03061218e+02, 4.02579071e+02, 4.56851501e+02,
       3.12839691e+02, 1.78718796e+02, 4.59527740e+02, 7.25439682e+01,
       8.60312881e+01, 2.70916077e+02, 4.48995972e+02, 2.49897919e+02,
       5.05667877e+02, 4.76536522e+01, 6.66200027e+01, 4.50813049e+02,
       3.05808228e+02, 1.03472420e+02, 3.10662445e+02, 7.27061310e+01,
       8.73723297e+01, 2.18268890e+02, 4.60608765e+02, 3.07206955e+01,
       3.03233154e+02, 2.35804081e+01, 3.47887024e+02, 6.55308304e+01,
       2.77648041e+02, 1.32299179e+02, 4.41222534e+02, 4.64797058e+02,
       3.23980682e+02, 4.63961182e+02, 3.20784058e+02, 1.21360863e+02,
       3.89175140e+02, 7.77713165e+01, 5.20690125e+02, 6.67270050e+01,
       2.76211884e+02, 1.46007355e+02, 4.44922577e+02, 3.01194477e+01,
       4.55488678e+02, 1.45590683e+02, 4.15977814e+02, 3.21833763e+01,
       4.42754181e+02, 4.71777313e+02, 3.41220276e+02, 3.01599331e+01,
       4.55352142e+02, 1.20233246e+02, 3.90057953e+02, 6.77227325e+01,
       2.75517609e+02, 2.45740128e+01, 3.47698181e+02, 7.37326126e+01,
       2.10556091e+02, 6.78416138e+01, 9.01118317e+01, 2.69142975e+02,
       4.03972137e+02, 3.44226952e+01, 2.95484192e+02, 2.77059174e+02,
       3.91391907e+02, 6.23144417e+01, 2.90868225e+02, 7.12400589e+01,
       2.08844421e+02, 4.29946167e+02, 3.27222260e+02, 6.90396652e+01,
       2.08703079e+02, 2.65216919e+02, 4.54275085e+02, 2.61724186e+01,
       3.51796509e+02, 2.26556000e+02, 3.80119049e+02, 9.20202560e+01,
       2.92226929e+02, 3.20841461e+02, 7.74745102e+01, 1.30150848e+02,
       4.49536011e+02, 1.22563988e+02, 3.69133575e+02, 2.64546356e+02,
       4.56836121e+02, 1.46757782e+02, 4.20722839e+02, 2.67493042e+02,
       4.96082764e+02, 1.24820549e+02, 3.69437256e+02, 9.31967010e+01,
       2.97850800e+02, 3.81092194e+02, 3.71889374e+02, 9.32381287e+01,
       2.98646179e+02, 4.28985840e+02, 3.26156006e+02, 6.77410202e+01,
       2.07972534e+02, 6.58522339e+01, 9.14949112e+01, 3.79578400e+02,
       3.72389404e+02, 2.18160538e+02, 6.99572601e+01, 2.55768234e+02,
       4.29991364e+02, 1.89504379e+02, 4.16990631e+02, 2.65121063e+02,
       4.26850037e+02, 8.97779312e+01, 2.32628922e+02, 8.18327560e+01,
       7.07251816e+01, 2.43954376e+02, 4.76461365e+02, 1.19931190e+02,
       3.68334412e+02, 7.16561203e+01, 3.28660767e+02, 2.61527466e+02,
       4.89987762e+02, 2.08463943e+02, 4.23217163e+02, 1.46613098e+02,
       4.49644928e+02, 2.54580338e+02, 4.30426208e+02, 2.61629761e+02,
       4.71907135e+02, 1.91698090e+02, 6.63434372e+01, 5.61783943e+01,
       2.41070679e+02, 2.12661697e+02, 4.41642639e+02, 3.94732574e+02,
       3.50083710e+02, 2.13785461e+02, 4.40125153e+02, 9.69907684e+01,
       2.43255325e+02, 2.53148254e+02, 4.30027527e+02, 8.30326385e+01,
       3.67525543e+02, 2.23988876e+02, 5.00738434e+02, 1.87317642e+02,
       6.79387360e+01, 2.49555023e+02, 5.14100464e+02, 2.24984497e+02,
