%YAML:1.0
pointmatrix: !!opencv-matrix
   rows: 422
   cols: 1
   dt: "2f"
   data: [ 2.89238129e+02, 1.04698807e+02, 2.16612915e+02,
       3.92525055e+02, 1.36733078e+02, 4.67214142e+02, 4.25956459e+01,
       8.13631973e+01, 5.01371803e+01, 8.73843689e+01, 4.53870659e+01,
       8.36027298e+01, 5.26643219e+01, 9.03355408e+01, 6.10036240e+01,
       9.63347397e+01, 3.82954254e+01, 2.07963745e+02, 1.43426178e+02,
       4.49057281e+02, 1.89454758e+02, 4.89191162e+02, 2.09366512e+01,
       4.49087463e+02, 4.80714264e+01, 4.53916962e+02, 1.89958878e+02,
       4.89552246e+02, 2.15172195e+02, 5.08708313e+02, 1.21271240e+02,
       4.52564972e+02, 1.21258522e+02, 4.52522736e+02, 1.73253296e+02,
       4.79233765e+02, 1.73430969e+02, 4.78674225e+02, 1.43659454e+02,
       4.72820618e+02, 1.73451660e+02, 4.82272736e+02, 2.67985840e+02,
       3.14528381e+02, 3.01158508e+02, 3.41247192e+02, 1.72614822e+02,
       3.54927643e+02, 2.94427032e+02, 3.33518372e+02, 1.72296982e+02,
       3.55143768e+02, 2.08753891e+02, 5.03458771e+02, 1.43295334e+02,
       4.38387115e+02, 3.60147186e+02, 3.88037750e+02, 1.50306198e+02,
       4.60479584e+02, 2.04115784e+02, 4.94322327e+02, 1.38603714e+02,
       4.39767090e+02, 3.14443573e+02, 3.53338684e+02, 3.15953430e+02,
       3.55630096e+02, 1.39549133e+02, 4.39663849e+02, 2.19228916e+01,
       4.59479889e+02, 3.45498276e+01, 4.52844513e+02, 5.53106140e+02,
       2.91681122e+02, 8.55914917e+01, 4.26263275e+02, 1.58154373e+02,
       4.74087219e+02, 1.70737778e+02, 4.57015167e+02, 9.23920593e+01,
       4.34081787e+02, 9.58388672e+01, 4.33467316e+02, 1.70709579e+02,
       4.56840942e+02, 1.67631943e+02, 4.10697357e+02, 1.25370659e+02,
       4.42835907e+02, 1.09193230e+02, 4.43719238e+02, 7.52282715e+01,
       3.83651550e+02, 3.22502823e+01, 2.10443558e+02, 8.19511780e+02,
       3.27935486e+02, 5.61005432e+02, 2.99213104e+02, 1.07121941e+02,
       4.37191162e+02, 3.80042023e+02, 3.41503693e+02, 3.00234985e+01,
       4.71156097e+02, 2.14394958e+02, 4.46008362e+02, 9.57794724e+01,
       4.35542542e+02, 8.17632080e+02, 3.29710938e+02, 5.12603149e+02,
       2.96671326e+02, 2.21927002e+02, 4.97683563e+02, 1.91222412e+02,
       4.93741486e+02, 5.06020752e+02, 2.94644012e+02, 4.48252258e+01,
       2.14218246e+02, 3.22513657e+01, 4.74204010e+02, 1.65994507e+02,
       4.10146393e+02, 5.00911072e+02, 2.90725739e+02, 2.85458508e+01,
       4.68410706e+02, 3.96491356e+01, 4.46608826e+02, 1.47454224e+02,
       4.29793579e+02, 3.46462135e+01, 2.20351608e+02, 3.03705292e+01,
       2.12727386e+02, 3.74705780e+02, 3.93115448e+02, 3.75674591e+02,
       3.93450134e+02, 2.20658813e+02, 4.97998749e+02, 4.32586365e+01,
       4.42211273e+02, 3.05667648e+01, 3.95847198e+02, 9.70521698e+01,
       4.33285339e+02, 1.51907288e+02, 4.07540161e+02, 5.23203552e+02,
       3.00269775e+02, 5.80432205e+01, 4.18889557e+02, 5.32749146e+02,
       3.08859924e+02, 3.45386902e+02, 4.01735077e+02, 4.21828651e+01,
       4.42692871e+02, 7.20765915e+01, 3.91364563e+02, 1.57425735e+02,
       7.60136719e+01, 3.43082703e+02, 4.03892334e+02, 1.46068069e+02,
       4.54339264e+02, 3.94388580e+01, 4.02085846e+02, 4.00829849e+01,
       4.02470795e+02, 3.87293320e+01, 3.99425476e+02, 4.57903481e+01,
       4.38138397e+02, 3.46241852e+02, 4.00974701e+02, 3.92346191e+02,
       2.94222443e+02, 5.31264771e+02, 3.07131195e+02, 2.11982849e+02,
       4.10151459e+02, 1.57132578e+01, 8.62808762e+01, 3.93415833e+02,
       2.96002502e+02, 2.92008228e+01, 4.13539490e+02, 1.96067368e+02,
       1.03087105e+02, 2.97288609e+01, 4.13443024e+02, 3.97267151e+02,
       3.02014404e+02, 3.95525421e+02, 2.98920105e+02, 3.41011780e+02,
       4.05764008e+02, 1.51881485e+02, 4.08313934e+02, 2.96924896e+01,
       3.92046631e+02, 4.44579010e+01, 2.76199585e+02, 9.12302475e+01,
       4.23807373e+02, 9.58235779e+01, 4.46673096e+02, 2.96444092e+01,
       4.41890961e+02, 2.21417404e+02, 4.54129761e+02, 4.08387512e+02,
       3.14920135e+02, 7.88042221e+01, 4.47921051e+02, 5.38414192e+01,
       4.30036346e+02, 7.85433655e+01, 4.48502899e+02, 1.73557663e+02,
       7.91741486e+01, 1.74625427e+02, 8.01421051e+01, 6.96787567e+01,
       3.92966827e+02, 1.75545425e+02, 8.19010544e+01, 4.45689468e+01,
       4.05091125e+02, 2.19813934e+02, 4.09109100e+02, 1.24980568e+02,
       4.66058594e+02, 2.47642349e+02, 7.62959976e+01, 5.38854332e+01,
       4.32262177e+02, 2.13365875e+02, 4.16035156e+02, 4.16521729e+02,
       3.25951294e+02, 2.51220596e+02, 7.53181610e+01, 4.81568756e+01,
       3.15864258e+02, 1.67611511e+02, 4.66793060e+02, 1.27469490e+02,
       4.66628326e+02, 1.37878128e+02, 4.22945709e+02, 5.30495491e+01,
       4.07214325e+02, 2.57581451e+02, 7.01955566e+01, 1.75684490e+01,
       2.13491776e+02, 9.18346786e+01, 4.22827423e+02, 2.27192581e+02,
       3.95823761e+02, 1.61597885e+02, 4.47727905e+02, 1.56788216e+01,
       2.11827408e+02, 7.65609207e+01, 4.57203400e+02, 9.33971786e+01,
       4.51803314e+02, 3.32221954e+02, 3.76414001e+02, 1.25829926e+02,
       4.66085358e+02, 1.65690369e+02, 7.07477493e+01, 2.11934753e+02,
       4.78102814e+02, 3.81796112e+02, 3.29321411e+02, 1.25460747e+02,
       4.49979462e+02, 3.34045258e+02, 3.75660889e+02, 6.68592529e+01,
       3.95851166e+02, 2.14909775e+02, 4.62412598e+02, 2.15464218e+02,
       4.59332306e+02, 1.74307449e+02, 3.87626373e+02, 3.65324898e+01,
       2.96566345e+02, 3.80515686e+02, 3.28405792e+02, 9.38661118e+01,
       4.27389313e+02, 7.10054092e+01, 3.75426849e+02, 1.93985138e+02,
       4.82376099e+02, 1.74234787e+02, 4.48833984e+02, 1.39880867e+01,
       2.90158264e+02, 2.15667892e+02, 4.32541626e+02, 1.40124725e+02,
       6.68151245e+01, 2.21194626e+02, 4.42851074e+02, 6.60931702e+01,
       3.96232758e+02, 1.56866714e+02, 4.29204559e+02, 3.77961121e+01,
       3.02711823e+02, 3.46899902e+02, 3.53269867e+02, 3.44484253e+01,
       2.34865173e+02, 3.50479736e+01, 3.04070709e+02, 2.03705292e+02,
       4.35643219e+02, 9.29214401e+01, 4.55565887e+02, 4.15779114e+01,
       2.47374130e+02, 2.11799515e+02, 4.96060089e+02, 1.34335999e+02,
       7.00368423e+01, 2.22730927e+02, 4.84177002e+02, 2.00420990e+02,
       5.20198669e+02, 6.83096542e+01, 3.75360626e+02, 2.78669037e+02,
       3.63625000e+02, 2.13278854e+02, 4.64675049e+02, 2.34492702e+01,
       3.76025757e+02, 1.45043365e+02, 6.92922134e+01, 6.51795197e+01,
       3.74563477e+02, 7.56590958e+01, 4.38262939e+02, 1.78123398e+02,
       4.10271088e+02, 2.57131062e+01, 4.06861359e+02, 1.84570129e+02,
       4.28118042e+02, 2.30053085e+02, 3.97316650e+02, 1.60172806e+02,
       4.45173035e+02, 1.34875931e+02, 6.70380096e+01, 2.18616180e+02,
       6.95326843e+01, 9.71063080e+01, 7.12460251e+01, 1.74926178e+02,
       4.92108490e+02, 2.18706131e+01, 3.95967224e+02, 6.80517151e+02,
       3.74774170e+02, 7.39509277e+01, 4.58369080e+02, 1.63973557e+02,
       4.44575714e+02, 3.58435944e+02, 4.40553131e+02, 3.37057404e+02,
       3.54964081e+02, 1.21304123e+02, 4.37003662e+02, 6.23240089e+01,
       4.01304749e+02, 4.07621918e+01, 2.88642334e+02, 7.23958054e+01,
       4.38234222e+02, 6.45434952e+01, 3.73994385e+02, 2.06882076e+01,
       4.81805878e+02, 2.76908875e+02, 3.62378113e+02, 2.13203613e+02,
       4.65951752e+02, 9.34782867e+01, 4.58580658e+02, 1.63108810e+02,
       4.28963104e+02, 1.84814621e+02, 4.72725891e+02, 1.75044189e+02,
       4.92700409e+02, 1.64259659e+02, 4.29133759e+02, 1.79047470e+02,
       3.90131378e+02, 1.24759483e+02, 5.25154297e+02, 1.50559280e+02,
       4.64938507e+02, 1.74773788e+02, 4.46535767e+02, 2.63723572e+02,
       7.66886597e+01, 2.76278931e+02, 3.62408020e+02, 7.52677078e+01,
       3.25022919e+02, 2.00871765e+02, 3.85408386e+02, 6.60128296e+02,
       3.53376709e+02, 3.14292267e+02, 3.64019775e+02, 6.64456604e+02,
       3.64055115e+02, 2.27395096e+02, 8.00072556e+01, 6.98519058e+01,
       4.37400299e+02, 1.92156143e+02, 4.74770508e+02, 6.63659363e+01,
