%YAML:1.0
pointmatrix: !!opencv-matrix
   rows: 443
   cols: 1
   dt: "2f"
   data: [ 2.90731567e+02, 1.04737610e+02, 2.17568436e+02,
       3.92136169e+02, 4.40641403e+01, 8.11846771e+01, 5.06197319e+01,
       8.70104828e+01, 1.38145950e+02, 4.67068512e+02, 5.50348129e+01,
       9.03687744e+01, 1.37867310e+02, 4.65543793e+02, 3.98174858e+01,
       2.07773346e+02, 1.43936935e+02, 4.48543671e+02, 1.90789291e+02,
       4.88740509e+02, 2.27461052e+01, 4.48943695e+02, 1.22825996e+02,
       4.52090881e+02, 4.96931419e+01, 4.53480255e+02, 1.74929398e+02,
       4.78145477e+02, 1.91001480e+02, 4.89319458e+02, 2.16638138e+02,
       5.08255524e+02, 2.18811188e+01, 4.47720123e+02, 1.74651382e+02,
       4.78838776e+02, 1.22713844e+02, 4.52249298e+02, 1.74787857e+02,
       4.81922882e+02, 1.44879654e+02, 4.71810272e+02, 3.02064850e+02,
       3.40522217e+02, 1.45004852e+02, 4.72273346e+02, 1.73714691e+02,
       3.54872223e+02, 2.69317627e+02, 3.14619385e+02, 2.94742554e+02,
       3.33413666e+02, 1.74123199e+02, 3.54657196e+02, 2.09775711e+02,
       5.02990997e+02, 2.32108002e+01, 4.59043335e+02, 1.44601608e+02,
       4.37971161e+02, 3.61356384e+02, 3.87835693e+02, 2.05360153e+02,
       4.94044464e+02, 1.51778702e+02, 4.60184021e+02, 1.40130112e+02,
       4.39196503e+02, 3.15783600e+02, 3.53343658e+02, 3.16870300e+02,
       3.55060822e+02, 3.60177078e+01, 4.52299042e+02, 3.19492218e+02,
       3.57109161e+02, 5.55293152e+02, 2.91731171e+02, 1.72202164e+02,
       4.56524780e+02, 5.43779724e+02, 2.81740997e+02, 1.71995071e+02,
       4.56783813e+02, 9.40169754e+01, 4.33897949e+02, 8.69715347e+01,
       4.25901428e+02, 9.72151566e+01, 4.33199249e+02, 1.59357941e+02,
       4.73800385e+02, 1.69020508e+02, 4.10437164e+02, 1.26981850e+02,
       4.42453400e+02, 3.37612648e+01, 2.10269394e+02, 3.81214508e+02,
       3.41163666e+02, 7.67373428e+01, 3.83408875e+02, 1.10461464e+02,
       4.43264587e+02, 8.20844727e+02, 3.27838013e+02, 2.15893997e+02,
       4.45766266e+02, 3.11724854e+01, 4.71066895e+02, 9.73242188e+01,
       4.35237091e+02, 5.13650391e+02, 2.96298492e+02, 2.23131302e+02,
       4.97266907e+02, 9.85843887e+01, 4.33162994e+02, 1.08454132e+02,
       4.36827301e+02, 5.06617584e+02, 2.94055756e+02, 8.18089722e+02,
       3.29855621e+02, 2.76952610e+01, 2.25847580e+02, 1.92640396e+02,
       4.93232483e+02, 3.60956459e+01, 2.20082504e+02, 8.15108765e+02,
       3.33695068e+02, 4.65644493e+01, 2.14069427e+02, 3.76072540e+02,
       3.92786652e+02, 1.67288162e+02, 4.09691620e+02, 2.22942734e+02,
       4.97059906e+02, 2.98060493e+01, 4.68218994e+02, 4.11654091e+01,
       4.46161926e+02, 2.24140213e+02, 4.95330658e+02, 5.02588928e+02,
       2.90464600e+02, 3.76869598e+02, 3.93194092e+02, 1.53258209e+02,
       4.07168396e+02, 3.19650688e+01, 3.95475220e+02, 5.85419388e+01,
       4.18445282e+02, 1.47235031e+02, 4.54034790e+02, 1.58955826e+02,
       7.58006439e+01, 5.25499817e+02, 3.00344269e+02, 4.42090759e+01,
       4.41970612e+02, 4.33027840e+01, 4.42641571e+02, 1.48949646e+02,
       4.29448639e+02, 8.98609085e+01, 4.24336182e+02, 3.46746155e+02,
       4.01414551e+02, 3.44209259e+02, 4.03719482e+02, 5.32347107e+02,
       3.06803711e+02, 4.00224190e+01, 3.99115417e+02, 5.33852844e+02,
       3.08593170e+02, 1.71576786e+01, 8.61731033e+01, 4.04552422e+01,
       4.01700500e+02, 3.51916870e+02, 3.96222015e+02, 5.31475098e+02,
       3.05079498e+02, 7.33128357e+01, 3.90980133e+02, 4.14158783e+01,
       4.02177246e+02, 1.57945923e+02, 4.17062042e+02, 3.47753815e+02,
       4.00666016e+02, 4.71701088e+01, 4.37779297e+02, 1.97218185e+02,
       1.01987419e+02, 3.09729271e+01, 4.13354370e+02, 3.95408081e+02,
       2.97487610e+02, 3.12137451e+01, 3.91738922e+02, 3.97358246e+02,
       2.98837677e+02, 3.10801392e+01, 4.13219910e+02, 3.93507446e+02,
       2.94076355e+02, 2.13018219e+02, 4.09482330e+02, 3.99161438e+02,
       3.02293793e+02, 9.69772263e+01, 4.46472748e+02, 9.27464066e+01,
       4.23543121e+02, 4.56882820e+01, 2.75553558e+02, 1.77130554e+02,
       8.17628174e+01, 2.22697723e+02, 4.53772308e+02, 1.76168091e+02,
       8.03527298e+01, 1.53209579e+02, 4.08001343e+02, 4.09232208e+02,
       3.14458984e+02, 3.42187653e+02, 4.05571899e+02, 8.01080017e+01,
       4.47479980e+02, 3.05415306e+01, 4.41638214e+02, 4.60931282e+01,
       4.04831726e+02, 7.12044678e+01, 3.92658295e+02, 2.21095612e+02,
       4.08875671e+02, 2.49071808e+02, 7.61352997e+01, 2.01269516e+02,
       5.11969788e+02, 4.16593384e+02, 3.22540833e+02, 1.26292198e+02,
       4.65629517e+02, 4.17410767e+02, 3.25698395e+02, 2.52566864e+02,
       7.51270370e+01, 1.89409752e+01, 2.13014023e+02, 1.28852036e+02,
       4.66343903e+02, 3.06759872e+01, 3.91820129e+02, 2.22817108e+02,
       4.41876923e+02, 2.58988892e+02, 6.99116058e+01, 4.97042961e+01,
       3.15401642e+02, 1.48491608e+02, 4.46341980e+02, 1.26784393e+02,
       4.49506378e+02, 5.43549500e+01, 4.06778625e+02, 1.69060165e+02,
       4.66341095e+02, 7.99865265e+01, 4.48031158e+02, 2.28262665e+02,
       3.95505829e+02, 1.21947632e+02, 4.58603271e+02, 2.19578339e+02,
       5.01532104e+02, 4.29189758e+02, 3.46522156e+02, 7.82254181e+01,
       4.56732056e+02, 1.67137787e+02, 7.03718872e+01, 2.16166290e+02,
       4.62168152e+02, 1.62755508e+02, 4.47657715e+02, 2.16794907e+02,
       4.59122284e+02, 6.82971344e+01, 3.95267853e+02, 1.67697620e+01,
       2.11739624e+02, 9.36238251e+01, 4.22497864e+02, 3.82058563e+02,
       3.28285004e+02, 3.82976562e+02, 3.29082581e+02, 2.13136658e+02,
       4.78034302e+02, 1.55920753e+01, 2.89920563e+02, 1.41809097e+02,
       6.66079025e+01, 1.76483902e+02, 3.87313660e+02, 1.38874771e+02,
       4.22757416e+02, 1.95195526e+02, 4.82074860e+02, 3.33253601e+02,
       3.75905670e+02, 3.79236374e+01, 2.96432465e+02, 3.35389069e+02,
       3.74986694e+02, 7.22571259e+01, 3.75060699e+02, 6.74171753e+01,
       3.95953125e+02, 2.06616058e+02, 4.35091919e+02, 9.51209717e+01,
       4.27115845e+02, 3.93083496e+01, 3.02205505e+02, 3.59128265e+01,
       2.34764374e+02, 2.04748169e+02, 4.90553497e+02, 1.58555954e+02,
       4.28808899e+02, 3.89267578e+01, 3.03043152e+02, 2.17036331e+02,
       4.32427124e+02, 9.44953995e+01, 4.55526184e+02, 1.68372669e+01,
       3.33898743e+02, 1.65648254e+02, 4.44242493e+02, 2.04923019e+02,
       4.35201996e+02, 3.47638550e+02, 3.52591278e+02, 2.19877014e+02,
       6.91967468e+01, 1.75585205e+02, 4.48644440e+02, 2.82895298e+01,
       3.73427704e+02, 1.10739059e+01, 3.02029938e+02, 3.65383339e+01,
       3.04080994e+02, 2.15536255e+02, 4.97787994e+02, 2.79978485e+02,
       3.63297791e+02, 1.63636734e+02, 4.45387512e+02, 2.01522186e+02,
       5.19870972e+02, 1.46161407e+02, 6.90009537e+01, 1.74733109e+02,
       5.07107849e+02, 4.25134239e+01, 2.47395493e+02, 2.14707962e+02,
       4.64500854e+02, 2.69205647e+01, 4.06000061e+02, 1.85696136e+02,
       4.27243500e+02, 1.35832565e+02, 6.99008331e+01, 6.65263519e+01,
       3.74134613e+02, 2.12770935e+02, 4.95829712e+02, 2.23961075e+02,
       4.83912354e+02, 4.22294121e+01, 2.88070526e+02, 1.36423508e+02,
       6.68311310e+01, 3.38648804e+02, 3.54555573e+02, 7.54186478e+01,
       4.57864044e+02, 6.81943726e+02, 3.74616882e+02, 1.79589111e+02,
       4.09662018e+02, 9.13434219e+01, 4.47559753e+02, 3.60647430e+02,
       4.39206482e+02, 6.86031189e+01, 4.65574188e+02, 2.19194244e+02,
       4.90841980e+02, 3.35313232e+02, 3.55382690e+02, 1.60712952e+02,
       4.44940430e+02, 2.31407364e+02, 3.97019012e+02, 6.34201088e+01,
       4.00777069e+02, 9.82299194e+01, 7.11660995e+01, 2.35699768e+01,
       3.95839783e+02, 1.76138443e+02, 4.91641724e+02, 2.19355068e+01,
       4.81224365e+02, 7.66851349e+01, 4.37047791e+02, 1.76046402e+02,
       4.46216675e+02, 1.22636009e+02, 4.36677155e+02, 2.66507050e+02,
       7.78482056e+01, 1.26026222e+02, 5.24757690e+02, 7.39456635e+01,
       4.37548889e+02, 2.29329544e+02, 7.71116028e+01, 1.52044540e+02,
