%YAML:1.0
pointmatrix: !!opencv-matrix
   rows: 450
   cols: 1
   dt: "2f"
   data: [ 2.94684906e+02, 1.04744308e+02, 2.19212845e+02,
       3.91845276e+02, 1.39695786e+02, 4.66711639e+02, 4.82628174e+01,
       8.31464539e+01, 4.56502571e+01, 8.10119553e+01, 5.57202034e+01,
       8.96494141e+01, 1.39455185e+02, 4.65404022e+02, 6.44001541e+01,
       9.66452866e+01, 1.45295822e+02, 4.48170441e+02, 4.17115860e+01,
       2.07442612e+02, 1.92286179e+02, 4.88479156e+02, 2.44021931e+01,
       4.48564209e+02, 5.12834625e+01, 4.53131866e+02, 1.92667343e+02,
       4.88916412e+02, 2.18169846e+02, 5.08130646e+02, 1.24625381e+02,
       4.51761505e+02, 1.24220505e+02, 4.51873505e+02, 1.76494415e+02,
       4.77735168e+02, 2.34427414e+01, 4.47246887e+02, 1.76172119e+02,
       4.78585724e+02, 1.76386551e+02, 4.81641693e+02, 1.46563965e+02,
       4.72028870e+02, 2.95128754e+02, 3.33197876e+02, 1.75206039e+02,
       3.54611023e+02, 2.94885681e+02, 3.35015076e+02, 1.75356537e+02,
       3.54331970e+02, 1.46137161e+02, 4.37679199e+02, 2.48659859e+01,
       4.58726166e+02, 1.41675980e+02, 4.38822296e+02, 3.63002136e+02,
       3.87509796e+02, 1.52661240e+02, 4.60180664e+02, 2.06744553e+02,
       4.93817017e+02, 2.11154129e+02, 5.02625305e+02, 3.17393860e+02,
       3.53361359e+02, 1.42275421e+02, 4.39027679e+02, 3.18644836e+02,
       3.54766266e+02, 3.20874634e+02, 3.56726959e+02, 3.72173004e+01,
       4.52226166e+02, 5.55523804e+02, 2.91172394e+02, 5.46365601e+02,
       2.82436737e+02, 1.73740570e+02, 4.56359711e+02, 1.73514709e+02,
       4.56391571e+02, 9.89617310e+01, 4.32790680e+02, 5.42592224e+02,
       2.77551392e+02, 8.85203247e+01, 4.25639069e+02, 1.61170227e+02,
       4.73270447e+02, 1.12174690e+02, 4.42920898e+02, 3.53341904e+01,
       2.10076416e+02, 9.56716080e+01, 4.33495941e+02, 1.30188782e+02,
       4.41612457e+02, 2.17338333e+02, 4.45280090e+02, 3.28378067e+01,
       4.70758484e+02, 1.70359207e+02, 4.10292297e+02, 8.22730103e+02,
       3.27487122e+02, 1.10219421e+02, 4.36382751e+02, 7.81972809e+01,
       3.82978973e+02, 3.82860992e+02, 3.41000580e+02, 1.00401031e+02,
       4.32901154e+02, 2.94440956e+01, 2.25766144e+02, 2.25653534e+02,
       4.95004364e+02, 5.13942383e+02, 2.96187866e+02, 8.19862305e+02,
       3.29574127e+02, 2.24626678e+02, 4.96959137e+02, 5.09064026e+02,
       2.94204010e+02, 1.68828094e+02, 4.09330109e+02, 1.94099167e+02,
       4.92986877e+02, 4.27994843e+01, 4.45822266e+02, 3.77381935e+01,
       2.19790054e+02, 3.38315201e+01, 3.95206512e+02, 5.04361572e+02,
       2.90636536e+02, 3.77652679e+02, 3.92623962e+02, 2.24527573e+02,
       4.96724426e+02, 4.79286232e+01, 2.13848236e+02, 3.78405365e+02,
       3.92974915e+02, 5.87512512e+01, 4.17649231e+02, 1.54769974e+02,
       4.06947693e+02, 1.48756470e+02, 4.53666260e+02, 4.55791702e+01,
       4.41800476e+02, 4.55975342e+01, 4.41625092e+02, 1.50753952e+02,
       4.29077393e+02, 3.48069275e+02, 4.01066010e+02, 3.53166351e+02,
       3.96101196e+02, 4.23585358e+01, 4.01282990e+02, 3.49042511e+02,
       4.00294312e+02, 5.33253845e+02, 3.06029907e+02, 7.51793137e+01,
       3.90655853e+02, 4.88829918e+01, 4.37309326e+02, 4.17357597e+01,
       3.98848785e+02, 5.31663391e+02, 3.03999817e+02, 5.35636902e+02,
       3.08548676e+02, 4.32736778e+01, 4.01660431e+02, 1.89297047e+01,
       8.57881927e+01, 1.97789368e+02, 1.00710281e+02, 1.60475067e+02,
       7.55281906e+01, 3.97515442e+02, 2.97936951e+02, 2.14442291e+02,
       4.09370758e+02, 3.27980347e+01, 4.13317566e+02, 3.27602043e+01,
       3.91193237e+02, 3.98940735e+02, 2.98798248e+02, 2.24226028e+02,
       4.53326324e+02, 3.96379364e+02, 2.95499817e+02, 3.27206154e+01,
       4.13157745e+02, 2.12902603e+01, 2.32075485e+02, 4.75718536e+01,
       2.75427032e+02, 9.86778488e+01, 4.45838135e+02, 4.51514587e+01,
       2.72120514e+02, 9.42230682e+01, 4.23052368e+02, 3.25898399e+01,
       4.41141113e+02, 1.77281708e+02, 7.94169464e+01, 1.78822266e+02,
       8.17381134e+01, 8.18316956e+01, 4.47192322e+02, 5.72523422e+01,
       4.29328613e+02, 4.11264343e+02, 3.14439697e+02, 1.83315979e+02,
       8.86456146e+01, 1.27971199e+02, 4.65390930e+02, 4.76783905e+01,
       4.04630432e+02, 2.03064911e+02, 5.11350616e+02, 4.17971283e+02,
       3.22548096e+02, 5.61738815e+01, 4.31563538e+02, 4.18148468e+02,
       3.25524384e+02, 2.16514908e+02, 4.15294952e+02, 2.22726471e+02,
       4.08476410e+02, 2.50539917e+02, 7.60127258e+01, 1.70678818e+02,
       4.65960968e+02, 2.21227097e+02, 5.01327820e+02, 5.17428551e+01,
       2.79696991e+02, 3.38016434e+01, 4.16853333e+02, 2.29793320e+02,
       3.95236969e+02, 5.15310516e+01, 3.15324066e+02, 5.61619110e+01,
       4.06586365e+02, 1.87139874e+01, 2.10689056e+02, 8.13025894e+01,
       4.47521332e+02, 1.68860886e+02, 7.01386490e+01, 4.29843170e+02,
       3.46270630e+02, 7.96456146e+01, 4.56235199e+02, 2.03897343e+01,
       2.12680481e+02, 1.41102051e+02, 4.44309631e+02, 1.66766739e+01,
       2.10720825e+02, 1.28440765e+02, 4.49117004e+02, 2.18288055e+02,
       4.58833588e+02, 7.00822906e+01, 3.94843201e+02, 9.60276413e+01,
       4.50995270e+02, 3.34942505e+02, 3.75925354e+02, 1.29297272e+02,
       4.65693390e+02, 2.25774902e+02, 4.83654602e+02, 2.54465775e+02,
       7.47925568e+01, 2.17785904e+02, 4.61620728e+02, 1.64679047e+02,
       4.47026886e+02, 3.36732361e+02, 3.74884369e+02, 2.14679565e+02,
       4.77736053e+02, 1.43181641e+02, 6.64691544e+01, 3.84320038e+02,
       3.29088043e+02, 1.77217346e+02, 3.85755676e+02, 9.48667068e+01,
       4.21982880e+02, 3.83866302e+02, 3.28049988e+02, 3.92001190e+01,
       2.96294708e+02, 2.07977066e+02, 4.34953308e+02, 2.24084015e+02,
       4.42031769e+02, 4.08107719e+01, 3.01964447e+02, 6.91722870e+01,
       3.95707092e+02, 1.77086395e+02, 4.48171387e+02, 2.06508194e+02,
       4.34832977e+02, 1.40963669e+02, 4.22123260e+02, 9.65329666e+01,
       4.26803528e+02, 7.38875275e+01, 3.74703766e+02, 1.59983459e+02,
       4.28534851e+02, 1.96599594e+02, 4.81854706e+02, 4.07428741e+01,
       3.02553101e+02, 1.67059937e+02, 4.44085449e+02, 2.06308762e+02,
       4.90149689e+02, 1.72080917e+01, 2.89444824e+02, 1.86951084e+01,
       3.33303528e+02, 2.21704391e+02, 6.91189270e+01, 5.36143036e+01,
       3.18716309e+02, 9.62716141e+01, 4.55494202e+02, 1.47834290e+02,
       6.86868134e+01, 1.76480438e+02, 5.06528900e+02, 4.36706429e+01,
       2.47907379e+02, 3.76830177e+01, 2.33981140e+02, 7.12211380e+01,
       3.74445709e+02, 2.98679905e+01, 3.73207367e+02, 2.02528702e+02,
       5.19285461e+02, 2.15077972e+02, 4.95190308e+02, 6.82023773e+01,
       3.73797821e+02, 2.81441986e+02, 3.62997833e+02, 2.18535660e+02,
       4.32136414e+02, 1.86956985e+02, 4.27101624e+02, 1.81043381e+02,
       4.09442963e+02, 2.87597504e+01, 4.05966766e+02, 1.36947357e+02,
       6.80597382e+01, 3.61533020e+02, 4.39324036e+02, 7.04020920e+01,
       4.65364197e+02, 7.84794693e+01, 4.37351715e+02, 3.36940704e+02,
       3.54984589e+02, 2.30607834e+02, 7.68763046e+01, 4.39300346e+01,
       2.87884674e+02, 7.53004532e+01, 4.37690613e+02, 6.83438721e+02,
       3.74527740e+02, 2.30711731e+02, 7.86815033e+01, 2.37404881e+01,
       4.80838013e+02, 1.00044708e+02, 7.09383774e+01, 6.50133820e+01,
       4.00621124e+02, 1.77939636e+02, 4.91262238e+02, 6.72396011e+01,
       3.73204071e+02, 3.42108612e+02, 3.52935699e+02, 3.40101349e+02,
       3.54474335e+02, 7.71553040e+01, 4.57395416e+02, 1.62439941e+02,
       4.44438477e+02, 1.87736328e+02, 4.71922455e+02, 2.15822983e+02,
       4.65233734e+02, 1.67167664e+02, 4.28670715e+02, 1.24219025e+02,
       4.36470490e+02, 9.69884872e+01, 4.58331757e+02, 1.94911118e+02,
       4.74001129e+02, 2.21289841e+02, 6.73952255e+01, 2.52955074e+01,
       3.95618927e+02, 4.95935326e+01, 2.40001450e+02, 7.25366516e+01,
       4.36865356e+02, 1.27696487e+02, 5.24395813e+02, 7.82475052e+01,
       3.24171997e+02, 6.63206909e+02, 3.53021698e+02, 2.21045807e+02,
