%YAML:1.0
pointmatrix: !!opencv-matrix
   rows: 407
   cols: 1
   dt: "2f"
   data: [ 2.95589111e+02, 1.04278038e+02, 2.96980225e+02,
       9.64335251e+01, 2.21305069e+02, 3.91533936e+02, 1.41803268e+02,
       4.66391815e+02, 5.87342339e+01, 8.95377197e+01, 1.47481659e+02,
       4.47646637e+02, 4.35666962e+01, 2.06647171e+02, 2.64636917e+01,
       4.48095245e+02, 1.94229507e+02, 4.87943207e+02, 5.32006950e+01,
       4.52567230e+02, 2.20144653e+02, 5.07362366e+02, 1.94743546e+02,
       4.88473175e+02, 2.56898270e+01, 4.46739624e+02, 1.27027122e+02,
       4.51417755e+02, 1.26923225e+02, 4.51364380e+02, 1.78788956e+02,
       4.76861328e+02, 2.69401855e+02, 3.11121338e+02, 1.78229218e+02,
       4.77791565e+02, 3.04880341e+02, 3.40377899e+02, 2.96514313e+02,
       3.32697571e+02, 2.12695801e+02, 5.01957764e+02, 1.48857788e+02,
       4.72142365e+02, 3.64571381e+02, 3.86877472e+02, 1.77284973e+02,
       3.53975525e+02, 1.77403763e+02, 3.53982361e+02, 2.72348309e+01,
       4.58045990e+02, 1.78147827e+02, 4.80794067e+02, 1.43537201e+02,
       4.38513336e+02, 3.19851318e+02, 3.54564331e+02, 1.44407669e+02,
       4.38502686e+02, 3.96523590e+01, 4.51720123e+02, 9.08176117e+01,
       4.25057404e+02, 1.48120743e+02, 4.37243835e+02, 5.58802917e+02,
       2.91576721e+02, 2.08797012e+02, 4.93099152e+02, 5.49141968e+02,
       2.82761719e+02, 1.53969437e+02, 4.60085938e+02, 1.75467834e+02,
       4.55853699e+02, 9.78609772e+01, 4.33089752e+02, 1.75511093e+02,
       4.56352417e+02, 1.00820602e+02, 4.32256439e+02, 3.50583229e+01,
       4.70070038e+02, 1.72204880e+02, 4.09764374e+02, 8.21939941e+02,
       3.29135529e+02, 1.63360596e+02, 4.72615448e+02, 5.17070984e+02,
       2.95860596e+02, 8.24224548e+02, 3.27355042e+02, 5.10236053e+02,
       2.93706116e+02, 3.10618744e+01, 2.25821381e+02, 3.49611206e+01,
       4.69371552e+02, 8.02410583e+01, 3.82602386e+02, 3.74892426e+01,
       2.09563019e+02, 1.70542694e+02, 4.09005554e+02, 5.06494568e+02,
       2.90595306e+02, 3.80000153e+01, 4.72509308e+02, 3.39587975e+01,
       4.67192108e+02, 2.26774170e+02, 4.96459106e+02, 1.52097687e+02,
       4.28775665e+02, 4.86516647e+01, 4.40860107e+02, 4.72605247e+01,
       4.41768951e+02, 2.25859085e+02, 4.96567841e+02, 1.02360413e+02,
       4.32225250e+02, 9.29214859e+01, 4.23491058e+02, 6.25838623e+01,
       4.17335754e+02, 1.14293793e+02, 4.42342255e+02, 2.19078125e+02,
       4.44905457e+02, 1.11947433e+02, 4.36169830e+02, 3.84822937e+02,
       3.40744080e+02, 3.79108978e+02, 3.92350189e+02, 5.26633667e+02,
       2.99602966e+02, 5.05420341e+01, 2.13929382e+02, 5.09952393e+01,
       4.36712860e+02, 3.79897675e+02, 3.92651062e+02, 1.56595016e+02,
       4.06261475e+02, 4.48854446e+01, 4.00600067e+02, 3.54756622e+02,
       3.95697418e+02, 4.57940788e+01, 4.00909851e+02, 3.93939095e+01,
       2.19692841e+02, 7.68782272e+01, 3.90339783e+02, 3.49841644e+02,
       4.00672791e+02, 5.36981689e+02, 3.08032440e+02, 1.62661804e+02,
       4.14305084e+02, 3.50641144e+02, 3.99988953e+02, 3.58101730e+01,
       3.94737427e+02, 2.16344711e+02, 4.09391846e+02, 1.62352127e+02,
       7.54165955e+01, 1.51157486e+02, 4.53131653e+02, 5.33511353e+02,
       3.03863586e+02, 4.40995522e+01, 3.98487457e+02, 1.98894150e+02,
       9.97874069e+01, 1.31306595e+02, 4.64898956e+02, 4.02933655e+02,
       3.02028656e+02, 2.09682388e+01, 8.54579086e+01, 3.53437386e+01,
       3.90704926e+02, 9.55987701e+01, 4.22604401e+02, 1.00859123e+02,
       4.45118744e+02, 4.12734985e+02, 3.13966583e+02, 4.97368736e+01,
       2.75333191e+02, 5.86336060e+01, 4.28704773e+02, 7.49118881e+01,
       3.91784607e+02, 4.06232452e+02, 3.06551300e+02, 2.04988174e+02,
       5.10849396e+02, 3.47570610e+01, 4.11909790e+02, 3.46408615e+01,
       4.40672760e+02, 1.80929504e+02, 8.13220062e+01, 5.88336258e+01,
       4.30711914e+02, 4.96409569e+01, 4.04175323e+02, 2.52296768e+02,
       7.52889557e+01, 3.45560150e+02, 4.04824463e+02, 4.20048859e+02,
       3.21970032e+02, 3.45443115e+01, 4.11700409e+02, 4.20169708e+02,
       3.25303314e+02, 8.39137802e+01, 4.46953156e+02, 3.56022415e+01,
       4.16799713e+02, 2.52490097e+02, 7.65583344e+01, 9.81533585e+01,
       4.50388580e+02, 5.34606705e+01, 3.14727783e+02, 2.62192657e+02,
       6.93095932e+01, 4.29987762e+02, 3.44879150e+02, 9.64176178e+01,
       4.21320648e+02, 3.50258026e+01, 3.90528870e+02, 1.30836838e+02,
       4.64831604e+02, 3.84683876e+01, 2.21551636e+02, 1.38257341e+01,
       2.80995758e+02, 1.72280060e+02, 4.65625427e+02, 3.38204620e+02,
       3.74392914e+02, 1.70734924e+02, 6.99777603e+01, 3.36420227e+02,
       3.75331818e+02, 2.25931183e+02, 4.52737122e+02, 7.15648880e+01,
       3.94931885e+02, 2.27131577e+01, 2.12699844e+02, 1.78295670e+02,
       3.85899750e+02, 8.35577621e+01, 4.47482971e+02, 1.79726620e+01,
       2.10671127e+02, 2.55645950e+02, 7.43726349e+01, 2.32036285e+02,
       3.94806885e+02, 2.02783070e+01, 2.11388199e+02, 1.44877945e+02,
       6.63151779e+01, 3.85975220e+02, 3.28322205e+02, 2.19013107e+02,
       4.61523773e+02, 8.14535217e+01, 4.55799072e+02, 4.27055397e+01,
       3.01831055e+02, 1.61530640e+02, 4.27925476e+02, 2.20141724e+02,
       4.31939362e+02, 2.16331131e+02, 4.76357941e+02, 7.58152313e+01,
       3.74204254e+02, 2.23875946e+02, 4.07908691e+02, 4.13893204e+01,
       2.96032227e+02, 2.20226456e+02, 4.58778717e+02, 2.09361603e+02,
       4.34381531e+02, 7.32605209e+01, 3.73931122e+02, 3.85051880e+02,
       3.27648834e+02, 1.68936615e+02, 4.44539734e+02, 2.07919521e+01,
       3.32895813e+02, 1.68808014e+02, 4.43463867e+02, 1.42449402e+02,
       4.21816284e+02, 1.78967010e+02, 4.47601654e+02, 4.28063354e+01,
       3.02272278e+02, 1.66111115e+02, 4.46898041e+02, 2.10399582e+02,
       4.34049866e+02, 2.08207962e+02, 4.34237000e+02, 9.90331421e+01,
       4.26009125e+02, 3.51295715e+02, 3.52386292e+02, 1.78412857e+02,
       5.06165375e+02, 7.10166168e+01, 3.73178925e+02, 1.73743469e+02,
       4.08005585e+02, 1.89229492e+02, 4.26727142e+02, 4.62389717e+01,
       2.45888779e+02, 3.23980675e+01, 3.72959290e+02, 2.27200012e+02,
       4.82934875e+02, 1.49608124e+02, 6.80158997e+01, 8.00543900e+01,
       4.37583618e+02, 2.23025742e+02, 4.90261475e+02, 3.16121960e+01,
       4.06066345e+02, 3.96893730e+01, 2.33949310e+02, 1.98862381e+02,
       4.81331055e+02, 7.26584625e+01, 4.64744110e+02, 2.16117233e+02,
       4.94938843e+02, 2.04318222e+02, 5.18994141e+02, 1.38781067e+02,
       6.78788071e+01, 2.23866272e+02, 6.89648514e+01, 3.62785889e+02,
       4.39366882e+02, 1.02115349e+02, 7.07479248e+01, 6.97058487e+01,
       3.72568909e+02, 1.42493782e+01, 3.01212921e+02, 7.94860153e+01,
       4.56886780e+02, 6.70568466e+01, 4.00016357e+02, 3.38676514e+02,
       3.54929352e+02, 2.17293381e+02, 4.64723846e+02, 2.82833160e+02,
       3.62697479e+02, 7.78328323e+01, 4.36927399e+02, 2.68161530e+02,
       7.54070435e+01, 1.26329414e+02, 4.35810822e+02, 1.39865814e+02,
       6.61691132e+01, 1.94838905e+01, 2.89219635e+02, 3.44337082e+01,
       3.68012115e+02, 1.29798111e+02, 5.23893982e+02, 1.82815475e+02,
       4.09379974e+02, 6.85531738e+02, 3.74160248e+02, 2.32425461e+02,
       7.86455688e+01, 2.71543312e+01, 3.95312805e+02, 3.90714386e+02,
       3.52767700e+02, 2.32519547e+02, 7.67259216e+01, 2.50407906e+01,
       5.17596008e+02, 1.89882706e+02, 4.72315643e+02, 1.83869339e+02,
       3.89097565e+02, 1.89668869e+02, 4.71467712e+02, 1.55480576e+02,
       4.63792145e+02, 4.59154968e+01, 2.87271423e+02, 2.04779068e+02,
       3.83947937e+02, 9.87537689e+01, 4.57542023e+02, 2.02711060e+02,
       3.81596893e+02, 6.64977722e+02, 3.52791565e+02, 5.13477364e+01,
       2.39429916e+02, 2.81426208e+02, 3.61020569e+02, 1.99149429e+02,
       3.76676788e+02, 1.96494614e+02, 4.73621796e+02, 1.55096497e+02,
       7.08346481e+01, 3.19284943e+02, 3.63527802e+02, 1.80236298e+02,
       4.90516296e+02, 2.02396603e+01, 3.64566223e+02, 2.52149105e+01,
