%YAML:1.0
pointmatrix: !!opencv-matrix
   rows: 398
   cols: 1
   dt: "2f"
   data: [ 2.96515930e+02, 1.04286407e+02, 2.23594650e+02,
       3.91191162e+02, 5.76442337e+01, 8.68934708e+01, 5.33233528e+01,
       8.29316864e+01, 1.44245773e+02, 4.65718384e+02, 6.08975105e+01,
       8.93594513e+01, 1.43964722e+02, 4.64339539e+02, 6.92238312e+01,
       9.70186234e+01, 1.48948334e+02, 4.46978363e+02, 4.60061722e+01,
       2.06401413e+02, 1.96649170e+02, 4.87450287e+02, 5.61583176e+01,
       4.52020081e+02, 2.89617481e+01, 4.47150299e+02, 4.46793594e+01,
       2.04682388e+02, 2.84228439e+01, 4.46093506e+02, 1.96963074e+02,
       4.88137573e+02, 2.22529953e+02, 5.07003082e+02, 1.29051285e+02,
       4.50736694e+02, 1.28978058e+02, 4.50929382e+02, 1.81038147e+02,
       4.76627014e+02, 1.80553650e+02, 4.77594788e+02, 1.50968231e+02,
       4.70411255e+02, 2.73745941e+02, 3.12742310e+02, 2.99953918e+02,
       3.32489716e+02, 1.79785492e+02, 3.53860931e+02, 3.66933289e+02,
       3.86554504e+02, 1.50773315e+02, 4.36801422e+02, 1.80051224e+02,
       3.53743225e+02, 3.21458038e+02, 3.52616486e+02, 1.46074890e+02,
       4.38071381e+02, 3.22294189e+02, 3.53996155e+02, 2.15131302e+02,
       5.01609863e+02, 1.57913757e+02, 4.58457855e+02, 4.24254036e+01,
       4.51543732e+02, 2.10988937e+02, 4.92736237e+02, 9.32454529e+01,
       4.24752106e+02, 5.59659180e+02, 2.90887939e+02, 5.49908081e+02,
       2.80962860e+02, 2.98496437e+01, 4.57558655e+02, 1.77894165e+02,
       4.55457428e+02, 1.65880661e+02, 4.72039276e+02, 3.83704796e+01,
       4.69042816e+02, 1.74833679e+02, 4.09362427e+02, 8.30661469e+01,
       3.82039062e+02, 1.78176056e+02, 4.55477753e+02, 1.03675934e+02,
       4.31739838e+02, 1.00230850e+02, 4.32537811e+02, 4.03045959e+01,
       2.09295837e+02, 8.26751953e+02, 3.27345154e+02, 8.24525085e+02,
       3.29122650e+02, 1.16856216e+02, 4.41871094e+02, 5.18106506e+02,
       2.95774841e+02, 5.13090820e+02, 2.93794800e+02, 1.73039536e+02,
       4.08685974e+02, 2.28983139e+02, 4.95985657e+02, 4.04896088e+01,
       4.72188354e+02, 3.86983856e+02, 3.40423096e+02, 5.08172607e+02,
       2.90227539e+02, 2.21617966e+02, 4.44305786e+02, 2.29910721e+02,
       4.94061523e+02, 8.21568054e+02, 3.32664520e+02, 5.29265366e+01,
       2.13426926e+02, 4.77439079e+01, 4.44678497e+02, 1.14759506e+02,
       4.35488892e+02, 3.69368858e+01, 4.66462524e+02, 1.54793793e+02,
       4.28266754e+02, 9.58688736e+01, 4.23051056e+02, 5.13419189e+01,
       4.40411957e+02, 2.28024384e+02, 4.96260284e+02, 6.56014938e+01,
       4.16600189e+02, 1.59107269e+02, 4.06096863e+02, 4.25061188e+01,
       2.19278961e+02, 3.81271393e+02, 3.92130005e+02, 5.06697083e+01,
       4.40718628e+02, 4.84795036e+01, 4.00611694e+02, 4.74407883e+01,
       4.00221771e+02, 1.05068138e+02, 4.31571686e+02, 1.53318878e+02,
       4.52833160e+02, 3.86035347e+01, 3.94337372e+02, 3.52049805e+02,
       4.00400635e+02, 3.82040588e+02, 3.92389191e+02, 4.64760818e+01,
       3.98199402e+02, 5.38017944e+02, 3.06524658e+02, 5.36315384e+01,
       4.36259094e+02, 1.62224457e+02, 4.13487396e+02, 3.57521851e+02,
       3.95140228e+02, 3.52858612e+02, 3.99780762e+02, 7.97791748e+01,
       3.89817963e+02, 1.64962402e+02, 7.53467865e+01, 2.03160995e+02,
       1.00613426e+02, 3.76417427e+01, 3.90185303e+02, 4.04894135e+02,
       3.01722229e+02, 5.23436165e+01, 2.74968719e+02, 9.85898361e+01,
       4.22134735e+02, 2.18609390e+02, 4.08218292e+02, 2.37588005e+01,
       8.55151367e+01, 3.99384155e+02, 2.93303833e+02, 1.83072510e+02,
       8.03847885e+01, 4.00724640e+02, 2.95205658e+02, 6.17350311e+01,
       4.28239044e+02, 1.82274277e+02, 7.93655548e+01, 3.78079147e+01,
       4.11089630e+02, 3.78963623e+01, 4.10791931e+02, 5.24011192e+01,
       4.03714172e+02, 4.15193756e+02, 3.13929443e+02, 2.07103622e+02,
       5.10784210e+02, 4.07173676e+02, 3.05779419e+02, 1.03622711e+02,
       4.44664459e+02, 2.54430008e+02, 7.52543945e+01, 3.75726585e+01,
       4.39851868e+02, 2.20723877e+02, 4.15014465e+02, 6.16178970e+01,
       4.30526031e+02, 7.74657059e+01, 3.91406067e+02, 4.21978607e+02,
       3.22168732e+02, 3.47880127e+02, 4.04597137e+02, 2.40369568e+01,
       8.71468964e+01, 5.60894089e+01, 3.14605652e+02, 1.34544174e+02,
       4.64602234e+02, 4.23342529e+02, 3.25203766e+02, 2.56635876e+01,
       2.12492950e+02, 8.63430099e+01, 4.46743774e+02, 6.08579102e+01,
       4.05598694e+02, 8.64704132e+01, 4.46375458e+02, 1.68528252e+01,
       2.80781494e+02, 1.74858429e+02, 4.65101929e+02, 1.80987511e+01,
       2.79107025e+02, 2.28370743e+02, 4.52453613e+02, 4.31022278e+02,
       3.43317627e+02, 3.85070190e+01, 4.16069153e+02, 1.00850891e+02,
       4.50031952e+02, 9.95651398e+01, 4.21090729e+02, 7.50099106e+01,
       3.93788849e+02, 2.25356918e+02, 5.00290375e+02, 2.26745789e+02,
       4.07744568e+02, 2.07067776e+01, 2.10602203e+02, 2.22022430e+02,
       4.60861725e+02, 2.34336319e+02, 3.94413086e+02, 3.09347153e+01,
       5.27994507e+02, 2.64557739e+02, 6.92195358e+01, 1.80820786e+02,
       3.86194977e+02, 2.22731796e+02, 4.58066833e+02, 8.41607132e+01,
       4.55283752e+02, 3.38742340e+02, 3.74886810e+02, 1.73132538e+02,
       6.98691406e+01, 7.39336243e+01, 3.94540070e+02, 1.68972137e+02,
       4.46161407e+02, 1.33377747e+02, 4.64471466e+02, 3.40431488e+02,
       3.73883423e+02, 2.18910858e+02, 4.76401794e+02, 3.88428619e+02,
       3.28510651e+02, 1.47336792e+02, 6.62462006e+01, 2.12002762e+02,
       4.34153748e+02, 2.19218048e+02, 4.94236786e+02, 2.10697189e+02,
       4.34044647e+02, 7.60910950e+01, 3.73527954e+02, 7.85904236e+01,
       3.73664337e+02, 4.45677299e+01, 2.95046509e+02, 1.64319382e+02,
       4.27574921e+02, 1.45478745e+02, 4.21209595e+02, 1.01468254e+02,
       4.25678253e+02, 3.87438141e+02, 3.27796295e+02, 4.55694008e+01,
       3.01642761e+02, 3.47604904e+01, 3.72868561e+02, 1.81405472e+02,
       4.47116058e+02, 1.71258087e+02, 4.43278625e+02, 2.22663391e+02,
       4.30774323e+02, 1.00803055e+02, 4.54065216e+02, 7.33661652e+01,
       3.72895782e+02, 4.57356071e+01, 3.01792694e+02, 1.45508575e+02,
       4.43425629e+02, 4.96386833e+01, 2.45309509e+02, 2.35151424e+01,
       3.32434265e+02, 1.80763474e+02, 5.05877136e+02, 2.07380798e+02,
       5.18433594e+02, 8.29960709e+01, 4.36843231e+02, 4.25714455e+01,
       2.33703201e+02, 2.01441605e+02, 4.80839478e+02, 1.91525177e+02,
       4.27034241e+02, 7.24655228e+01, 3.72347351e+02, 1.42728882e+02,
       6.92823944e+01, 2.85704742e+02, 3.62184875e+02, 4.25631104e+01,
       2.32475098e+02, 1.71966362e+01, 3.00811157e+02, 1.04702576e+02,
       7.11037598e+01, 1.01405746e+02, 4.57335510e+02, 7.53137512e+01,
       4.64377991e+02, 3.65056152e+02, 4.39294067e+02, 1.66965805e+02,
       4.43425232e+02, 1.42839081e+02, 6.61693878e+01, 5.45268707e+01,
       2.39147415e+02, 3.41017883e+02, 3.54665985e+02, 2.24086857e+01,
       2.88968597e+02, 3.00301342e+01, 3.94806366e+02, 3.44150696e+02,
       3.53844055e+02, 3.93394287e+02, 3.52536072e+02, 6.87775940e+02,
       3.74051117e+02, 6.94542389e+01, 3.99732941e+02, 1.91831512e+02,
       4.71038544e+02, 2.19428650e+02, 4.63856506e+02, 1.85369873e+02,
       4.08632416e+02, 1.82464035e+02, 4.90796783e+02, 1.28630737e+02,
       4.35273895e+02, 1.82358246e+02, 4.90224487e+02, 2.29388824e+02,
       4.82315918e+02, 2.86903725e+01, 4.79948730e+02, 1.31909454e+02,
       5.23054077e+02, 1.57918259e+02, 4.63270081e+02, 2.83277649e+02,
       3.60893188e+02, 8.29656906e+01, 3.23364349e+02, 1.86153076e+02,
       3.88698059e+02, 3.21395660e+02, 3.62946228e+02, 4.89592018e+01,
       2.87043365e+02, 6.65643494e+02, 3.55012909e+02, 2.05354355e+02,
       3.81388062e+02, 2.35348145e+02, 7.87216110e+01, 1.32991806e+02,
       4.47900879e+02, 2.88384247e+02, 3.62265991e+02, 2.99222717e+02,
       3.60155151e+02, 7.06328430e+01, 4.33630157e+02, 7.40895081e+01,
       5.19874512e+02, 6.71513611e+02, 3.63361572e+02, 3.40184822e+01,
