%YAML:1.0
pointmatrix: !!opencv-matrix
   rows: 428
   cols: 1
   dt: "2f"
   data: [ 2.98985107e+02, 1.04675270e+02, 2.26156357e+02,
       3.90852356e+02, 5.56201477e+01, 8.22205505e+01, 6.35980186e+01,
       8.91005478e+01, 1.46897980e+02, 4.65095856e+02, 1.52046539e+02,
       4.46641205e+02, 4.94154663e+01, 2.06232468e+02, 1.99248825e+02,
       4.87091644e+02, 3.22539940e+01, 4.46979370e+02, 5.86964340e+01,
       4.51577881e+02, 4.73507309e+01, 2.03937637e+02, 2.25001968e+02,
       5.06617523e+02, 1.99968536e+02, 4.87349396e+02, 1.31933319e+02,
       4.50277893e+02, 1.31667908e+02, 4.50345978e+02, 3.12676144e+01,
       4.45668671e+02, 1.83265594e+02, 4.77115143e+02, 1.83459915e+02,
       4.76408264e+02, 1.53795135e+02, 4.70773743e+02, 2.76917053e+02,
       3.13112946e+02, 3.02631714e+02, 3.32325256e+02, 3.10008545e+02,
       3.40067352e+02, 3.06263092e+02, 3.34213470e+02, 3.69309204e+02,
       3.86406586e+02, 1.83410126e+02, 4.80024323e+02, 1.82426422e+02,
       3.53670959e+02, 1.82664841e+02, 3.53466797e+02, 3.23724243e+02,
       3.52073822e+02, 1.48635788e+02, 4.37789429e+02, 1.53566284e+02,
       4.36373108e+02, 3.24886230e+02, 3.53909515e+02, 1.60278854e+02,
       4.58337555e+02, 1.49495270e+02, 4.37712708e+02, 3.31588974e+01,
       4.56937256e+02, 2.17683746e+02, 5.01134064e+02, 4.51939926e+01,
       4.50512329e+02, 2.13626801e+02, 4.92220886e+02, 9.61764374e+01,
       4.24121735e+02, 5.45094421e+02, 2.72815521e+02, 5.63704712e+02,
       2.91454926e+02, 5.51450012e+02, 2.79541718e+02, 1.80481735e+02,
       4.55048187e+02, 1.68350632e+02, 4.71892029e+02, 1.80574112e+02,
       4.54860504e+02, 1.37083710e+02, 4.40639648e+02, 4.58421059e+01,
       4.49755859e+02, 1.03121796e+02, 4.32140381e+02, 4.08539391e+01,
       4.68865997e+02, 4.32220116e+01, 2.09206543e+02, 8.58078842e+01,
       3.81762817e+02, 1.77573257e+02, 4.08822418e+02, 1.06317154e+02,
       4.31245178e+02, 3.70123138e+01, 2.24750946e+02, 5.21756897e+02,
       2.95414368e+02, 8.27596008e+02, 3.29354187e+02, 8.29800232e+02,
       3.27330750e+02, 5.14767029e+02, 2.93323334e+02, 4.03608284e+01,
       4.68533478e+02, 8.23785767e+02, 3.33582916e+02, 5.57027130e+01,
       2.12846954e+02, 2.24166412e+02, 4.44118439e+02, 3.94327469e+01,
       4.66176025e+02, 3.89334747e+02, 3.40079163e+02, 1.75817062e+02,
       4.08352386e+02, 2.31404770e+02, 4.95727173e+02, 8.28459656e+02,
       3.29018707e+02, 1.19382439e+02, 4.41671936e+02, 5.06220512e+01,
       4.44247620e+02, 5.10127350e+02, 2.90031219e+02, 1.57395493e+02,
       4.27950256e+02, 3.83825226e+02, 3.91971222e+02, 4.53565407e+01,
       2.19087341e+02, 6.68918381e+01, 4.15524445e+02, 5.39172668e+01,
       4.39959442e+02, 9.87310791e+01, 4.22558563e+02, 5.31583176e+01,
       4.40378845e+02, 3.84751709e+02, 3.92114990e+02, 5.33621948e+02,
       2.99731384e+02, 2.00865448e+02, 4.91583679e+02, 1.07870529e+02,
       4.31475464e+02, 1.61733322e+02, 4.05823669e+02, 5.03783646e+01,
       3.99877960e+02, 5.12116776e+01, 4.00346741e+02, 2.30293045e+02,
       4.96007721e+02, 4.15106812e+01, 3.93822693e+02, 5.41842957e+02,
       3.07695435e+02, 3.54529480e+02, 4.00160309e+02, 5.66404915e+01,
       4.35806824e+02, 5.40538391e+02, 3.06162292e+02, 5.38063782e+02,
       3.03442505e+02, 3.60150269e+02, 3.94814972e+02, 1.56182251e+02,
       4.52316193e+02, 1.67758087e+02, 7.51684494e+01, 8.26655197e+01,
       3.89422607e+02, 2.92954521e+01, 2.31210129e+02, 2.05874817e+02,
       1.00326286e+02, 4.07197784e+02, 3.01407349e+02, 3.90256409e+02,
       3.42067963e+02, 5.52252502e+01, 2.74740021e+02, 3.55440002e+02,
       3.99602539e+02, 4.07638893e+01, 3.89948334e+02, 1.01495232e+02,
       4.21750153e+02, 2.21671814e+02, 4.08410461e+02, 3.52295624e+02,
       4.02475189e+02, 1.06132179e+02, 4.44553894e+02, 4.05415993e+01,
       4.11020782e+02, 4.08340515e+02, 3.03573944e+02, 4.05210419e+02,
       2.97672363e+02, 4.08002968e+01, 4.10385315e+02, 4.17340363e+02,
       3.13628418e+02, 2.67702255e+01, 8.53573227e+01, 4.01895294e+02,
       2.93237518e+02, 1.61637527e+02, 4.06313446e+02, 4.10883118e+02,
       3.06148499e+02, 5.54674149e+01, 4.03061066e+02, 4.04516220e+01,
       4.39684875e+02, 6.43387604e+01, 4.30005859e+02, 6.50579987e+01,
       4.27569275e+02, 8.04112396e+01, 3.91040192e+02, 1.35348358e+02,
       4.63740601e+02, 4.24527740e+02, 3.21658173e+02, 2.57305511e+02,
       7.52697220e+01, 4.25339478e+02, 3.24858734e+02, 3.50324341e+02,
       4.04480713e+02, 2.09231918e+02, 5.10549042e+02, 8.92474289e+01,
       4.45930206e+02, 1.85777573e+02, 8.15898209e+01, 2.23063568e+02,
       4.14462189e+02, 1.85679672e+02, 8.15260696e+01, 8.88677444e+01,
       4.46396240e+02, 2.31026505e+02, 4.52147797e+02, 1.97909374e+01,
       2.80632874e+02, 5.89699020e+01, 3.14249573e+02, 2.85943298e+01,
       2.11943634e+02, 1.77357224e+02, 4.64770782e+02, 6.42434921e+01,
       4.05199799e+02, 1.02156868e+02, 4.20582642e+02, 2.36683899e+02,
       3.94260101e+02, 4.35248993e+02, 3.43504425e+02, 2.61134491e+01,
       2.10630692e+02, 7.78143234e+01, 3.93579010e+02, 1.48047699e+02,
       4.21011658e+02, 2.37401924e+01, 2.10256622e+02, 2.18632393e+01,
       2.78377686e+02, 3.43075562e+02, 3.73504852e+02, 1.03640923e+02,
       4.49494537e+02, 8.69806366e+01, 4.54837158e+02, 2.29373383e+02,
       4.07212646e+02, 7.69370041e+01, 3.94249237e+02, 2.27898273e+01,
       2.09730698e+02, 1.84989746e+02, 3.84737335e+02, 3.41238037e+02,
       3.74497711e+02, 1.76025360e+02, 6.99360962e+01, 1.36247803e+02,
       4.64313019e+02, 2.67380371e+02, 6.91291962e+01, 3.90831909e+02,
       3.28264709e+02, 3.40603943e+01, 5.27507263e+02, 2.21337997e+02,
       4.94026703e+02, 1.71477890e+02, 4.45949066e+02, 2.25256287e+02,
       4.57818146e+02, 3.89806702e+02, 3.27103821e+02, 2.60880981e+02,
       7.42328262e+01, 2.21688034e+02, 4.75985046e+02, 4.72965546e+01,
       2.94691406e+02, 2.24536011e+02, 4.60485870e+02, 2.04085007e+02,
       4.80371796e+02, 1.84066315e+02, 4.46781952e+02, 1.04364128e+02,
       4.25112152e+02, 1.66812042e+02, 4.27185120e+02, 8.16426544e+01,
       3.73338562e+02, 2.14508865e+02, 4.33640533e+02, 1.49941391e+02,
       6.61702957e+01, 1.73888641e+02, 4.43060760e+02, 4.84338875e+01,
       3.01697174e+02, 5.20879440e+01, 2.45449097e+02, 4.81811028e+01,
       3.01467224e+02, 3.72622910e+01, 4.05246033e+02, 2.63697681e+01,
       3.32287415e+02, 7.90761795e+01, 3.73214935e+02, 1.94469955e+02,
       4.26493195e+02, 2.13365967e+02, 4.33682861e+02, 4.54106483e+01,
       2.33572479e+02, 1.66469803e+02, 4.59104126e+02, 2.51428776e+01,
       2.88361206e+02, 2.09756882e+02, 5.18158325e+02, 2.88159698e+02,
       3.62029327e+02, 3.78206367e+01, 3.72310638e+02, 7.60992584e+01,
       3.72505646e+02, 1.69730988e+02, 4.43142853e+02, 6.14502792e+01,
       3.17873749e+02, 1.03686691e+02, 4.54008545e+02, 1.00954765e+02,
       4.45908569e+02, 8.58151779e+01, 4.36429810e+02, 7.83324509e+01,
       4.63719360e+02, 2.75208435e+02, 7.66613922e+01, 8.45123215e+01,
       4.56031097e+02, 2.25488708e+02, 4.30786835e+02, 1.44603729e+02,
       6.77976608e+01, 7.49474640e+01, 3.72087799e+02, 1.55443085e+02,
       6.83134537e+01, 2.00090008e+01, 3.00582123e+02, 3.68095306e+02,
       4.38411835e+02, 1.45487488e+02, 6.60213470e+01, 3.14863777e+01,
       4.79312073e+02, 2.39631699e+02, 3.95718231e+02, 3.46608337e+02,
       3.53532379e+02, 1.84963760e+02, 4.89866730e+02, 5.74090691e+01,
       2.38994904e+02, 6.90296265e+02, 3.74131744e+02, 2.73576263e+02,
       7.57589874e+01, 3.26653976e+01, 3.93667389e+02, 8.60754547e+01,
       3.23181488e+02, 4.36933670e+01, 3.03744202e+02, 8.30527573e+01,
       4.36063782e+02, 2.22104721e+02, 4.63944214e+02, 1.35727142e+02,
       4.47640015e+02, 3.43459442e+02, 3.54412506e+02, 1.84923813e+02,
       4.90435760e+02, 2.32046677e+02, 4.82058044e+02, 3.99437294e+01,
       3.67058594e+02, 1.60610565e+02, 4.62921387e+02, 1.04704353e+02,
