%YAML:1.0
pointmatrix: !!opencv-matrix
   rows: 447
   cols: 1
   dt: "2f"
   data: [ 3.03544708e+02, 1.04089691e+02, 3.03045471e+02,
       9.74264679e+01, 2.29001602e+02, 3.90472351e+02, 6.36959305e+01,
       8.65902557e+01, 1.49831161e+02, 4.64937286e+02, 5.93509331e+01,
       8.27731171e+01, 5.71634064e+01, 8.03840942e+01, 5.86520805e+01,
       8.20355225e+01, 6.73857269e+01, 8.91346970e+01, 1.49512634e+02,
       4.63712280e+02, 1.55501999e+02, 4.46250702e+02, 5.23674812e+01,
       2.06120361e+02, 2.02109573e+02, 4.86631042e+02, 3.54320526e+01,
       4.46350739e+02, 6.19888496e+01, 4.51033752e+02, 5.02013245e+01,
       2.04316910e+02, 2.02646912e+02, 4.86958527e+02, 3.44781227e+01,
       4.44899078e+02, 2.27890411e+02, 5.06181427e+02, 1.34890076e+02,
       4.49934753e+02, 1.34649948e+02, 4.49992004e+02, 1.86546616e+02,
       4.75632324e+02, 1.86040512e+02, 4.76662079e+02, 1.56541534e+02,
       4.70084564e+02, 3.03814056e+02, 3.31972229e+02, 3.10528534e+02,
       3.39008789e+02, 1.86143570e+02, 4.79581635e+02, 1.85296204e+02,
       3.53160309e+02, 3.72082825e+02, 3.86210114e+02, 1.56348373e+02,
       4.35949432e+02, 1.85537704e+02, 3.52969818e+02, 1.51883347e+02,
       4.37039978e+02, 1.52605026e+02, 4.37194183e+02, 3.26136444e+02,
       3.51565277e+02, 4.84646683e+01, 4.50088593e+02, 3.27597626e+02,
       3.53804840e+02, 1.63203247e+02, 4.58067413e+02, 2.20263229e+02,
       5.00610992e+02, 2.16447052e+02, 4.91904358e+02, 3.56623383e+01,
       2.24946991e+02, 5.66271973e+02, 2.91499542e+02, 3.63670311e+01,
       4.56340881e+02, 9.91951599e+01, 4.23706726e+02, 5.56663208e+02,
       2.82046722e+02, 5.55215027e+02, 2.79933716e+02, 1.83571426e+02,
       4.54460541e+02, 5.47514587e+02, 2.72549133e+02, 1.83478851e+02,
       4.54667419e+02, 1.39629715e+02, 4.40221100e+02, 1.06140541e+02,
       4.31713257e+02, 1.71435715e+02, 4.71253784e+02, 4.63533211e+01,
       2.08897690e+02, 1.80469452e+02, 4.08419373e+02, 8.89121933e+01,
       3.81157013e+02, 4.38215866e+01, 4.68479218e+02, 5.90224075e+01,
       2.12672943e+02, 8.32902832e+02, 3.27277008e+02, 5.24724792e+02,
       2.95425171e+02, 5.18022217e+02, 2.93382233e+02, 1.09411263e+02,
       4.30848938e+02, 2.34284668e+02, 4.95196442e+02, 3.92103394e+02,
       3.39990173e+02, 8.30655701e+02, 3.29227234e+02, 2.26938690e+02,
       4.43687073e+02, 5.14187439e+02, 2.90346741e+02, 1.78570343e+02,
       4.07764923e+02, 8.27659912e+02, 3.32848267e+02, 5.35877342e+01,
       4.43773071e+02, 1.09144066e+02, 4.32498566e+02, 4.28618469e+01,
       4.65389893e+02, 1.01840904e+02, 4.22038605e+02, 1.22614746e+02,
       4.40821960e+02, 7.04767532e+01, 4.15237732e+02, 3.86260864e+02,
       3.91751923e+02, 5.68411636e+01, 4.39666595e+02, 1.20259827e+02,
       4.34786530e+02, 4.84255600e+01, 2.18787704e+02, 1.64764633e+02,
       4.05132507e+02, 5.65237694e+01, 4.39824615e+02, 1.60928864e+02,
       4.27401733e+02, 3.87501190e+02, 3.91887878e+02, 2.34249832e+02,
       4.94928833e+02, 1.10794434e+02, 4.30790802e+02, 8.87196884e+01,
       3.81070374e+02, 5.35506409e+02, 2.99513977e+02, 3.57106079e+02,
       4.00013641e+02, 5.35655136e+01, 3.99428040e+02, 4.46724167e+01,
       3.93551575e+02, 5.43049438e+02, 3.05860413e+02, 5.45142937e+01,
       3.99752441e+02, 8.59020309e+01, 3.88829834e+02, 5.95972900e+01,
       4.35223236e+02, 1.58967163e+02, 4.51919434e+02, 5.27400093e+01,
       3.97210632e+02, 3.58095856e+02, 3.99201141e+02, 2.24141907e+02,
       4.07591614e+02, 3.62139526e+02, 3.94974457e+02, 1.69085983e+02,
       4.12523438e+02, 1.70713333e+02, 7.50152664e+01, 5.44413147e+02,
       3.07511963e+02, 3.23870888e+01, 2.31041855e+02, 1.04493103e+02,
       4.21268005e+02, 5.84811440e+01, 2.74356812e+02, 2.07313995e+02,
       9.84695053e+01, 4.09264709e+02, 3.00666809e+02, 2.60192383e+02,
       7.51416931e+01, 4.37340813e+01, 4.10572479e+02, 4.37135468e+01,
       4.10190857e+02, 4.38487701e+01, 3.89781860e+02, 1.08889687e+02,
       4.44028473e+02, 2.33873917e+02, 4.51600861e+02, 5.85740852e+01,
       4.02780609e+02, 4.07623535e+02, 2.97433228e+02, 4.11059479e+02,
       3.03450806e+02, 2.99805374e+01, 8.53611755e+01, 3.92852478e+02,
       3.41808929e+02, 4.20608215e+02, 3.13658630e+02, 4.04678436e+02,
       2.92926086e+02, 4.14289185e+02, 3.06441620e+02, 6.80131378e+01,
       4.29044525e+02, 4.36289825e+01, 4.38972198e+02, 3.03135662e+01,
       8.71137619e+01, 8.33719177e+01, 3.90598877e+02, 1.88999588e+02,
       8.19113998e+01, 9.23764954e+01, 4.45275909e+02, 2.12939529e+02,
       5.09415649e+02, 1.87345230e+02, 7.92003326e+01, 2.25859192e+02,
       4.13975647e+02, 4.28318207e+02, 3.22640076e+02, 1.88274002e+02,
       8.09130936e+01, 4.27513855e+02, 3.24866028e+02, 1.39899918e+02,
       4.63612793e+02, 6.67802582e+01, 4.04784485e+02, 3.16844521e+01,
       2.11753052e+02, 6.20854645e+01, 3.13569397e+02, 4.37052094e+02,
       3.43480438e+02, 2.29814987e+01, 2.80112091e+02, 4.44022141e+01,
       4.14757874e+02, 1.80443863e+02, 4.64264832e+02, 9.23786469e+01,
       4.45491821e+02, 1.05500664e+02, 4.20191284e+02, 8.08594055e+01,
       3.92936462e+02, 1.06377686e+02, 4.48988129e+02, 2.43582020e+01,
       2.78424805e+02, 2.39457001e+02, 3.93942535e+02, 2.32166245e+02,
       4.07008179e+02, 2.92578106e+01, 2.10505859e+02, 2.27288620e+02,
       4.60020660e+02, 2.51542244e+01, 2.77629761e+02, 3.67330017e+01,
       5.26857849e+02, 2.68627453e+01, 2.09870911e+02, 2.28100372e+02,
       4.57444550e+02, 2.15278873e+01, 2.81632629e+02, 1.39288544e+02,
       4.63556946e+02, 2.30567749e+02, 4.99448883e+02, 9.00938339e+01,
       4.54391602e+02, 3.93577576e+02, 3.28170013e+02, 3.45676544e+02,
       3.73301392e+02, 3.43961945e+02, 3.74459137e+02, 1.74663666e+02,
       4.45257202e+02, 2.86173820e+01, 2.75253204e+02, 1.79059601e+02,
       6.98000107e+01, 1.86463165e+02, 3.85080658e+02, 5.04166260e+01,
       2.94505035e+02, 7.96416473e+01, 3.93808502e+02, 1.50960541e+02,
       4.20631317e+02, 1.29560928e+01, 2.42356552e+02, 8.44741516e+01,
       3.73075104e+02, 3.92524872e+02, 3.26907227e+02, 1.07270493e+02,
       4.24823761e+02, 2.52423973e+01, 2.09867264e+02, 2.70275604e+02,
       6.88881989e+01, 2.06837860e+02, 4.80080566e+02, 2.24356674e+02,
       4.75733826e+02, 2.17237991e+02, 4.33323212e+02, 2.96384182e+01,
       3.31831055e+02, 1.50222855e+01, 2.45013901e+02, 8.21201096e+01,
       3.72835144e+02, 1.69749405e+02, 4.26683716e+02, 1.51957306e+02,
       6.61098328e+01, 4.86580124e+01, 2.32953934e+02, 2.16146194e+02,
       4.33365601e+02, 1.76817184e+02, 4.42449768e+02, 5.16389313e+01,
       3.00440155e+02, 5.17609291e+01, 3.01299530e+02, 3.58925415e+02,
       3.52040527e+02, 2.16061096e+02, 4.88221313e+02, 1.06709770e+02,
       4.53319611e+02, 1.97408447e+02, 4.25969513e+02, 7.91721115e+01,
       3.72008331e+02, 1.86311554e+02, 5.04652649e+02, 4.08004112e+01,
       3.71847046e+02, 1.87042511e+02, 4.46343292e+02, 5.54112053e+01,
       2.45420410e+02, 8.88427811e+01, 4.35773529e+02, 1.81027420e+02,
       4.08145996e+02, 2.28176071e+02, 4.30473145e+02, 2.83852825e+01,
       2.88231445e+02, 4.89297256e+01, 3.02290802e+02, 2.12377090e+02,
       5.17551758e+02, 7.53283539e+01, 3.98761719e+02, 3.70062958e+02,
       4.38705902e+02, 8.11526260e+01, 4.63166168e+02, 1.58417450e+02,
       6.82425995e+01, 1.47977600e+02, 6.90703125e+01, 2.90514435e+02,
       3.61789307e+02, 6.03796196e+01, 2.38851181e+02, 1.48445374e+02,
       6.59515152e+01, 2.39560661e+01, 3.00077271e+02, 3.57255783e+01,
       3.93207703e+02, 7.85486603e+01, 3.71226044e+02, 2.24720856e+02,
       4.93336853e+02, 3.49080078e+02, 3.53093445e+02, 8.62503891e+01,
       4.35371429e+02, 4.29281693e+01, 3.66366425e+02, 1.38681046e+02,
       4.47124786e+02, 6.93213196e+02, 3.74053406e+02, 2.34917007e+02,
       4.81921204e+02, 1.87833099e+02, 4.89332733e+02, 3.47604828e+01,
       4.78835876e+02, 3.50876495e+02, 3.52397980e+02, 1.91596252e+02,
