%YAML:1.0
pointmatrix: !!opencv-matrix
   rows: 437
   cols: 1
   dt: "2f"
   data: [ 3.04725800e+02, 1.03887672e+02, 2.32057083e+02,
       3.90245148e+02, 6.73031921e+01, 8.67478638e+01, 1.52911621e+02,
       4.64573730e+02, 6.30101852e+01, 8.28385925e+01, 7.09865036e+01,
       8.91894913e+01, 6.04771576e+01, 8.04138565e+01, 1.52627365e+02,
       4.63576813e+02, 1.57664688e+02, 4.46121704e+02, 5.57287102e+01,
       2.06145004e+02, 3.86183815e+01, 4.46154968e+02, 2.05117722e+02,
       4.86326599e+02, 5.38311195e+01, 2.04726257e+02, 6.52546997e+01,
       4.50679657e+02, 2.30617523e+02, 5.05897003e+02, 2.05695175e+02,
       4.86704895e+02, 3.77934380e+01, 4.44688263e+02, 1.37756027e+02,
       4.49575500e+02, 1.37949173e+02, 4.49686890e+02, 1.89812347e+02,
       4.75113922e+02, 1.89041855e+02, 4.76454285e+02, 1.59793121e+02,
       4.70073120e+02, 2.81473785e+02, 3.11216034e+02, 3.07587799e+02,
       3.31917908e+02, 1.88615158e+02, 3.52740601e+02, 3.74832581e+02,
       3.85919403e+02, 2.08920517e+02, 4.89461914e+02, 1.88385117e+02,
       3.52828278e+02, 1.54914719e+02, 4.36848053e+02, 2.22821945e+02,
       5.00326965e+02, 1.59303589e+02, 4.35697906e+02, 1.55702667e+02,
       4.36876007e+02, 3.30361603e+02, 3.53634338e+02, 3.94417534e+01,
       4.56001251e+02, 3.29458466e+02, 3.51677826e+02, 5.17554092e+01,
       4.49684692e+02, 3.88332176e+01, 2.24744537e+02, 1.66058807e+02,
       4.57836304e+02, 5.67631409e+02, 2.90590302e+02, 1.86420822e+02,
       4.54477844e+02, 5.57568054e+02, 2.79675018e+02, 5.50737793e+02,
       2.72694702e+02, 2.19437378e+02, 4.91490967e+02, 1.86528381e+02,
       4.54295868e+02, 1.02468811e+02, 4.23306702e+02, 4.71041527e+01,
       4.68134308e+02, 1.74476105e+02, 4.70983734e+02, 1.83406998e+02,
       4.08353455e+02, 9.21656952e+01, 3.80930847e+02, 4.98235741e+01,
       2.08869110e+02, 4.34499283e+01, 2.24331512e+02, 1.09345016e+02,
       4.31347900e+02, 4.69688072e+01, 4.67512634e+02, 1.12569481e+02,
       4.30446350e+02, 8.34061829e+02, 3.29494507e+02, 8.36495850e+02,
       3.27575958e+02, 5.21325806e+02, 2.93556610e+02, 5.26753357e+02,
       2.95499329e+02, 2.37092316e+02, 4.95006104e+02, 6.23820610e+01,
       2.12673248e+02, 3.95110138e+02, 3.39926483e+02, 2.29851746e+02,
       4.43457489e+02, 4.60942345e+01, 4.65150726e+02, 5.16449524e+02,
       2.89994476e+02, 1.81891846e+02, 4.07354736e+02, 5.70537415e+01,
       4.43257324e+02, 2.36816299e+02, 4.94765350e+02, 4.80087547e+01,
       2.10637650e+02, 1.25733131e+02, 4.40738220e+02, 7.45781326e+01,
       4.15181061e+02, 1.23071426e+02, 4.34510925e+02, 1.14215363e+02,
       4.30556946e+02, 6.08139229e+01, 4.38894806e+02, 4.79570007e+01,
       3.93111450e+02, 2.37967300e+02, 4.93120972e+02, 5.97432327e+01,
       4.39481750e+02, 1.04650993e+02, 4.21754425e+02, 5.16242752e+01,
       2.18810089e+02, 3.89507050e+02, 3.91530731e+02, 1.63600052e+02,
       4.27094574e+02, 3.90376434e+02, 3.91776154e+02, 5.46088806e+02,
       3.06080261e+02, 5.68344574e+01, 3.99034668e+02, 1.67657394e+02,
       4.05039246e+02, 6.29742584e+01, 4.34794189e+02, 3.59858765e+02,
       4.00101013e+02, 1.71092926e+02, 4.12867401e+02, 5.80236282e+01,
       3.99145386e+02, 5.61071777e+01, 3.96929657e+02, 5.47416382e+02,
       3.07604645e+02, 3.65287628e+02, 3.94736847e+02, 1.73812225e+02,
       7.50540314e+01, 8.89704666e+01, 3.88583527e+02, 6.16874390e+01,
       2.74165039e+02, 2.06746872e+02, 4.90700989e+02, 3.61119080e+02,
       3.99268951e+02, 1.61955078e+02, 4.51647125e+02, 2.26905914e+02,
       4.07275024e+02, 3.56710663e+01, 2.30926178e+02, 2.12418427e+02,
       1.00124138e+02, 4.73794479e+01, 3.89088409e+02, 6.24253502e+01,
       2.75178070e+02, 4.12936096e+02, 3.00989502e+02, 4.70131035e+01,
       4.10004669e+02, 4.10899139e+02, 2.97568054e+02, 1.07632057e+02,
       4.20868500e+02, 4.71043701e+01, 4.10094360e+02, 1.12575775e+02,
       4.43258942e+02, 3.95982697e+02, 3.41890808e+02, 4.07636780e+02,
       2.93052582e+02, 3.34108467e+01, 8.52565918e+01, 4.67165756e+01,
       4.38828705e+02, 4.23658569e+02, 3.13747650e+02, 2.63066040e+02,
       7.51192245e+01, 6.19675636e+01, 4.02494965e+02, 2.36711365e+02,
       4.51409302e+02, 2.15430725e+02, 5.09313354e+02, 7.07597961e+01,
       4.28678558e+02, 1.67644257e+02, 4.05736969e+02, 4.16193359e+02,
       3.06317871e+02, 8.64377518e+01, 3.90420685e+02, 9.54884720e+01,
       4.45052216e+02, 4.30193237e+02, 3.22066803e+02, 1.90433502e+02,
       7.95374832e+01, 3.50462112e+01, 2.11739609e+02, 1.42867050e+02,
       4.63184937e+02, 3.37985306e+01, 8.69993744e+01, 7.02709885e+01,
       4.04465820e+02, 4.31460419e+02, 3.24897339e+02, 2.63421288e+01,
       2.79825867e+02, 9.51251373e+01, 4.45436401e+02, 1.83361862e+02,
       4.63997864e+02, 6.55280762e+01, 3.13210815e+02, 2.28751312e+02,
       4.13982117e+02, 2.66734375e+02, 7.41970139e+01, 4.38842102e+02,
       3.42476990e+02, 1.09695602e+02, 4.48678345e+02, 4.68631897e+01,
       3.89321350e+02, 2.76472950e+01, 2.78257935e+02, 8.40615311e+01,
       3.92721466e+02, 2.31026199e+02, 4.57119354e+02, 2.35081406e+02,
       4.06957153e+02, 3.26660156e+01, 2.10506302e+02, 2.86039677e+01,
       2.77535675e+02, 3.02246189e+01, 2.09869934e+02, 1.08343887e+02,
       4.19575165e+02, 3.98211823e+01, 5.26043945e+02, 3.46790161e+02,
       3.74428986e+02, 2.42504944e+02, 3.93709351e+02, 3.96532684e+02,
       3.28120789e+02, 1.54326157e+02, 4.20179626e+02, 2.27091217e+02,
       4.93169861e+02, 1.41829361e+02, 4.62935089e+02, 8.30270157e+01,
       3.93740417e+02, 1.89736465e+02, 3.85461456e+02, 3.21179695e+01,
       2.75160797e+02, 1.54281006e+02, 4.42192413e+02, 2.30110016e+02,
       4.59640991e+02, 3.48261871e+02, 3.73213226e+02, 1.83001785e+01,
       2.44939240e+02, 2.33497681e+02, 4.99264954e+02, 2.90076523e+01,
       2.09546875e+02, 5.36676865e+01, 2.94434631e+02, 8.74004440e+01,
       3.72869781e+02, 9.31675949e+01, 4.53885162e+02, 3.95690094e+02,
       3.27022736e+02, 1.82265869e+02, 6.98352051e+01, 1.64013443e+01,
       2.42333267e+02, 8.54184875e+01, 3.72513977e+02, 1.72926422e+02,
       4.26429810e+02, 1.77501541e+02, 4.45056335e+02, 2.20202744e+02,
       4.33149750e+02, 2.21198090e+02, 4.32777374e+02, 5.51812820e+01,
       2.99973999e+02, 5.19429779e+01, 2.33043594e+02, 2.09611404e+02,
       4.79945984e+02, 1.79755493e+02, 4.42465210e+02, 1.56006943e+02,
       6.61861267e+01, 5.50434608e+01, 3.01043884e+02, 2.18865814e+02,
       4.33009460e+02, 3.29469337e+01, 3.31578705e+02, 2.27383545e+02,
       4.75470642e+02, 1.10662926e+02, 4.24448853e+02, 4.44300804e+01,
       3.71273804e+02, 5.82858047e+01, 2.45389786e+02, 8.28607635e+01,
       3.71800293e+02, 1.10077538e+02, 4.53485992e+02, 2.18924805e+02,
       4.87900421e+02, 1.89342300e+02, 5.04447662e+02, 2.38016754e+02,
       4.81593750e+02, 9.18819199e+01, 4.35501495e+02, 1.84165512e+02,
       4.07894897e+02, 2.15615784e+02, 5.17326599e+02, 2.00105820e+02,
       4.25787659e+02, 3.16810589e+01, 2.87979797e+02, 7.90746384e+01,
       3.98550232e+02, 8.42325745e+01, 4.62786011e+02, 2.30982498e+02,
       4.30171478e+02, 1.90080826e+02, 4.46165222e+02, 3.89495583e+01,
       3.92928741e+02, 2.65675640e+01, 2.99995209e+02, 3.73279877e+02,
       4.38858734e+02, 1.51143280e+02, 6.90824738e+01, 1.51673874e+02,
       6.59557190e+01, 2.45514877e+02, 3.95225098e+02, 2.27842209e+02,
       4.63008545e+02, 1.90685577e+02, 4.89066010e+02, 8.16221848e+01,
       3.70926361e+02, 4.65032845e+01, 3.66040192e+02, 3.49018036e+02,
       3.53790649e+02, 5.04902687e+01, 3.03222839e+02, 2.93420563e+02,
       3.61710327e+02, 3.52032196e+02, 3.53259399e+02, 1.14847725e+02,
       7.10833740e+01, 3.53982147e+02, 3.52321686e+02, 2.35005249e+02,
       6.82698898e+01, 6.96367126e+02, 3.74059875e+02, 8.66444626e+01,
       4.34175079e+02, 3.76479645e+01, 4.78155640e+02, 1.41781876e+02,
       4.46819916e+02, 4.38655777e+01, 4.24380157e+02, 1.66058102e+01,
